p_val	avg_logFC	pct.1	pct.2	p_val_adj	cluster	gene
S100A9	0	2.83473552590574	0.936	0.176	0	0	S100A9
LYZ	0	2.68159079991301	0.998	0.501	0	0	LYZ
S100A8	0	2.61235130620997	0.92	0.151	0	0	S100A8
VCAN	0	1.74794307738521	0.798	0.085	0	0	VCAN
SRGN	0	1.61800110975655	0.987	0.738	0	0	SRGN
MNDA	0	1.16943345740182	0.821	0.157	0	0	MNDA
CTSS	0	1.15694640315725	0.813	0.345	0	0	CTSS
FTL	0	1.08060019744386	0.989	0.82	0	0	FTL
PSAP	0	0.97406577530979	0.853	0.341	0	0	PSAP
CFD	0	0.942696546112102	0.718	0.296	0	0	CFD
SAT1	0	0.906581880712499	0.754	0.284	0	0	SAT1
CSTA	0	0.90344207706637	0.787	0.19	0	0	CSTA
CXCL8	0	0.885659045570639	0.261	0.058	0	0	CXCL8
RNASE2	0	0.806996861316908	0.632	0.176	0	0	RNASE2
FCN1	0	0.800975195273948	0.466	0.046	0	0	FCN1
APLP2	0	0.795161668347761	0.852	0.427	0	0	APLP2
S100A6	0	0.773169854652095	0.861	0.401	0	0	S100A6
ANXA1	0	0.768983522076342	0.853	0.499	0	0	ANXA1
AIF1	0	0.687701362469933	0.83	0.435	0	0	AIF1
CYBB	0	0.686268539671713	0.605	0.135	0	0	CYBB
LYST	0	0.635597493494304	0.696	0.255	0	0	LYST
FTH1	0	0.591817631181079	0.882	0.652	0	0	FTH1
LGALS3	0	0.580983214062909	0.477	0.069	0	0	LGALS3
VIM	0	0.578049572371795	0.928	0.57	0	0	VIM
S100A12	0	0.57729567715831	0.266	0.011	0	0	S100A12
MS4A6A	0	0.573694543655813	0.537	0.098	0	0	MS4A6A
ANXA2	0	0.57323686522185	0.612	0.165	0	0	ANXA2
S100A10	0	0.571794416361279	0.54	0.133	0	0	S100A10
TYROBP	0	0.561739840279665	0.742	0.321	0	0	TYROBP
IFI30	0	0.546542851420608	0.473	0.085	0	0	IFI30
NAMPT	0	0.541463007150856	0.372	0.106	0	0	NAMPT
TKT	0	0.538400337902587	0.775	0.43	0	0	TKT
TMSB4X	0	0.537918639703227	0.998	0.903	0	0	TMSB4X
S100A4	0	0.530439813017758	0.842	0.47	0	0	S100A4
MCL1	0	0.516778106192951	0.628	0.27	0	0	MCL1
LCP1	0	0.494422229620413	0.845	0.538	0	0	LCP1
EMB	0	0.489887322999336	0.701	0.434	0	0	EMB
TSPO	0	0.484019676441031	0.664	0.311	0	0	TSPO
TNFSF13B	0	0.483713666210539	0.522	0.169	0	0	TNFSF13B
FOS	0	0.478211534421491	0.617	0.326	0	0	FOS
FCER1G	0	0.476270051041347	0.53	0.132	0	0	FCER1G
FGL2	0	0.470260782572574	0.445	0.099	0	0	FGL2
VMP1	0	0.457952822166406	0.438	0.172	0	0	VMP1
ANXA5	0	0.454453922804385	0.503	0.135	0	0	ANXA5
CD68	0	0.449073549328115	0.447	0.083	0	0	CD68
MARCKS	0	0.44822252017983	0.277	0.054	0	0	MARCKS
CLEC12A	0	0.441692754591418	0.491	0.153	0	0	CLEC12A
GRN	0	0.439511600395173	0.492	0.14	0	0	GRN
LGALS1	0	0.433493951166201	0.692	0.326	0	0	LGALS1
IQGAP1	0	0.429593757478623	0.683	0.362	0	0	IQGAP1
ITGB2	0	0.427216937635722	0.566	0.213	0	0	ITGB2
ADA2	0	0.424201157943287	0.411	0.086	0	0	ADA2
DUSP1	0	0.418854383125055	0.424	0.167	0	0	DUSP1
AHNAK	0	0.408557314546223	0.617	0.322	0	0	AHNAK
CTSB	0	0.403640912822717	0.481	0.159	0	0	CTSB
TNFAIP2	0	0.403442910137684	0.38	0.099	0	0	TNFAIP2
EVI2B	0	0.396255443228415	0.533	0.235	0	0	EVI2B
NCF2	0	0.392739147723958	0.384	0.064	0	0	NCF2
ACTB	0	0.392420364560042	0.983	0.914	0	0	ACTB
CD302	0	0.385050243701398	0.534	0.232	0	0	CD302
METTL9	0	0.379884274798402	0.471	0.197	0	0	METTL9
OAZ1	0	0.377370789766277	0.78	0.534	0	0	OAZ1
IRS2	0	0.377336939310816	0.347	0.074	0	0	IRS2
CTSD	0	0.377314895461745	0.408	0.133	0	0	CTSD
ARL4A	0	0.373968845768845	0.396	0.128	0	0	ARL4A
LAPTM5	0	0.372192202429243	0.659	0.353	0	0	LAPTM5
MXD1	0	0.371164000468459	0.404	0.145	0	0	MXD1
ZFAND5	0	0.368381081577833	0.471	0.211	0	0	ZFAND5
SCPEP1	0	0.362066420676934	0.378	0.09	0	0	SCPEP1
CST3	0	0.352216297874346	0.587	0.259	0	0	CST3
BTG1	0	0.350967208682828	0.508	0.23	0	0	BTG1
MEGF9	0	0.348664217391986	0.339	0.071	0	0	MEGF9
IFNGR1	0	0.344245697095417	0.394	0.13	0	0	IFNGR1
SLC44A1	0	0.342663689103746	0.341	0.101	0	0	SLC44A1
CD63	0	0.342297830574206	0.558	0.278	0	0	CD63
TMSB10	0	0.339400129419382	0.995	0.936	0	0	TMSB10
MPEG1	0	0.335811481348777	0.305	0.051	0	0	MPEG1
CTSH	0	0.329917930729316	0.355	0.083	0	0	CTSH
CEBPD	0	0.327317218351068	0.319	0.06	0	0	CEBPD
FBXL5	0	0.327065593705534	0.387	0.136	0	0	FBXL5
SAMHD1	0	0.325930037200495	0.553	0.23	0	0	SAMHD1
AP1S2	0	0.308524570744789	0.368	0.115	0	0	AP1S2
DMXL2	0	0.305837086655027	0.303	0.077	0	0	DMXL2
SERPINB10	0	0.304916476732828	0.254	0.032	0	0	SERPINB10
LST1	0	0.301990968354891	0.495	0.212	0	0	LST1
TLR4	0	0.300717403088416	0.275	0.043	0	0	TLR4
S100A11	0	0.298444125225752	0.327	0.076	0	0	S100A11
KCTD12	0	0.298002006696236	0.273	0.057	0	0	KCTD12
ASAH1	0	0.296910823164504	0.378	0.134	0	0	ASAH1
IL17RA	0	0.296748173954195	0.325	0.071	0	0	IL17RA
KLF4	0	0.288683828708731	0.288	0.055	0	0	KLF4
MS4A7	0	0.287561053613557	0.309	0.076	0	0	MS4A7
TMEM170B	0	0.282931354651378	0.258	0.036	0	0	TMEM170B
C1orf162	0	0.269461520091906	0.309	0.077	0	0	C1orf162
EMILIN2	0	0.254368552238633	0.308	0.082	0	0	EMILIN2
VSIR	6.20886909394169e-308	0.305990631035412	0.385	0.145	1.11846567858266e-303	0	VSIR
HMGB2	1.41779708916764e-307	0.470130155647158	0.781	0.523	2.55401967642658e-303	0	HMGB2
ZFP36	2.45339579299732e-307	0.326030755590307	0.429	0.174	4.41954718150536e-303	0	ZFP36
GLIPR2	4.12493070766096e-307	0.261087613837611	0.328	0.106	7.43065017678045e-303	0	GLIPR2
COTL1	1.59964133992966e-303	0.282501945512717	0.439	0.18	2.88159390974929e-299	0	COTL1
PTPRE	3.08029129677601e-301	0.307834657145343	0.392	0.151	5.5488367420123e-297	0	PTPRE
IRAK3	1.31741758686613e-297	0.305149960259928	0.434	0.184	2.37319604098066e-293	0	IRAK3
SAMSN1	3.55013964317836e-295	0.396727007647358	0.374	0.145	6.3952215532215e-291	0	SAMSN1
SAP30	8.86879315403015e-283	0.276889935175395	0.26	0.074	1.59762439876699e-278	0	SAP30
CAST	1.90351665108198e-280	0.298390610629426	0.461	0.209	3.42899489525907e-276	0	CAST
TPM3	3.69866661202671e-265	0.324604091203816	0.92	0.794	6.66277803490492e-261	0	TPM3
CSGALNACT2	1.30636987367083e-261	0.260450414230329	0.336	0.125	2.35329469043063e-257	0	CSGALNACT2
GPCPD1	2.93055652346452e-259	0.279083785547804	0.382	0.158	5.27910452136899e-255	0	GPCPD1
ARPC1B	3.94965375656875e-253	0.301133821420163	0.597	0.34	7.11490627708294e-249	0	ARPC1B
STK17B	5.69522942264753e-250	0.34097174579305	0.651	0.394	1.02593862819573e-245	0	STK17B
PLEK	6.7811717106331e-250	0.378987987374595	0.556	0.317	1.22156027195345e-245	0	PLEK
SERF2	2.01643851860809e-240	0.308288859266218	0.91	0.804	3.63241234742062e-236	0	SERF2
PLIN2	2.89351846060996e-237	0.521935770780743	0.359	0.157	5.21238415494278e-233	0	PLIN2
PKM	6.413340132292e-232	0.26013666929896	0.454	0.224	1.15529909143108e-227	0	PKM
USP15	3.23375564766539e-231	0.336506504143047	0.564	0.326	5.82528742370443e-227	0	USP15
NPC2	6.0655458525441e-231	0.252977437822955	0.37	0.16	1.09264742987729e-226	0	NPC2
MRPL33	1.6006838225275e-230	0.314191601655014	0.52	0.289	2.88347183790104e-226	0	MRPL33
UBC	1.36220312050623e-229	0.399246710224551	0.772	0.576	2.45387270127991e-225	0	UBC
HSPA5	1.74969820223019e-218	0.688385495324394	0.633	0.433	3.15190634149747e-214	0	HSPA5
JUN	1.94904801087802e-217	0.625163023127219	0.384	0.189	3.51101508679567e-213	0	JUN
CXCR4	2.82167284131812e-207	0.252479961778676	0.427	0.209	5.08296145635046e-203	0	CXCR4
MFSD1	1.33143092542444e-206	0.254059270617786	0.407	0.199	2.39843966905959e-202	0	MFSD1
ZEB2	7.56928593801499e-206	0.268870559702825	0.464	0.244	1.36353116887402e-201	0	ZEB2
NFKBIZ	2.10727156804354e-203	0.282603475466437	0.312	0.129	3.79603900267364e-199	0	NFKBIZ
MYADM	8.52600537429469e-203	0.261851900161427	0.443	0.229	1.53587460812544e-198	0	MYADM
ARPC5	2.99149213131431e-200	0.309073743646034	0.607	0.385	5.3888739253496e-196	0	ARPC5
MYL6	3.24225179876665e-197	0.281000388073672	0.846	0.689	5.84059239029825e-193	0	MYL6
VAPA	1.46085059856333e-191	0.29641473275129	0.474	0.27	2.63157626825199e-187	0	VAPA
ACTR2	2.65742128787351e-191	0.298612117241083	0.723	0.523	4.78707870797534e-187	0	ACTR2
PLAC8	5.20998196965903e-188	0.379732470984743	0.56	0.367	9.38526152014377e-184	0	PLAC8
HIF1A	1.3523146034631e-183	0.313509620083764	0.373	0.186	2.43605952667842e-179	0	HIF1A
CDC42	5.49051506765426e-180	0.282606912315908	0.738	0.556	9.89061384287239e-176	0	CDC42
AHR	1.49176968554045e-179	0.253383105838872	0.37	0.179	2.68727391153257e-175	0	AHR
NFKBIA	1.16379911361171e-167	0.436670743379008	0.493	0.302	2.09646772326013e-163	0	NFKBIA
NEAT1	1.72474395859235e-153	0.515551264669386	0.59	0.412	3.10695376700827e-149	0	NEAT1
YWHAZ	3.21957426335262e-153	0.254802261352715	0.764	0.598	5.79974107800342e-149	0	YWHAZ
CTSG	1.05940839982315e-150	0.262721841230709	0.269	0.117	1.90841829144142e-146	0	CTSG
SERPINB1	2.76451384537582e-143	0.28457043350581	0.704	0.514	4.97999524106001e-139	0	SERPINB1
ENO1	5.06266774287881e-143	0.257676191022323	0.743	0.561	9.11988967202189e-139	0	ENO1
PPP1R15A	3.08513920681492e-138	0.259448484183831	0.437	0.261	5.5575697671564e-134	0	PPP1R15A
DUSP6	1.26134500016584e-98	0.256490286724383	0.365	0.226	2.27218688329874e-94	0	DUSP6
MALAT1	5.10550622532572e-97	0.277676511493609	0.997	0.986	9.19705891430174e-93	0	MALAT1
SPINK2	0	0.620362102724368	0.435	0.12	0	1	SPINK2
RPLP0	0	0.588165990591306	0.995	0.938	0	1	RPLP0
GAS5	0	0.56796313233707	0.794	0.47	0	1	GAS5
LRRC75A-AS1	0	0.55613211204498	0.874	0.569	0	1	LRRC75A-AS1
RPS3	0	0.479152864067258	0.953	0.838	0	1	RPS3
EEF1B2	0	0.471532722237	0.982	0.881	0	1	EEF1B2
RPS5	0	0.46641972230293	0.915	0.738	0	1	RPS5
RPL3	0	0.465252542016782	0.989	0.937	0	1	RPL3
RPS2	0	0.45152877750648	0.958	0.848	0	1	RPS2
RPS18	0	0.447663320387231	1	0.988	0	1	RPS18
CDK6	0	0.444266595930106	0.674	0.346	0	1	CDK6
RPS3A	0	0.441702357809411	1	0.996	0	1	RPS3A
RPLP1	0	0.440316610643093	1	0.994	0	1	RPLP1
RPL9	0	0.435416944050887	0.997	0.979	0	1	RPL9
RPL13	0	0.432859823142976	0.999	0.987	0	1	RPL13
RPL18A	0	0.4267675867639	0.973	0.907	0	1	RPL18A
RPS4X	0	0.412718291474258	0.975	0.89	0	1	RPS4X
HSP90AB1	0	0.407318382626723	0.871	0.638	0	1	HSP90AB1
RPS12	0	0.396112950001398	0.999	0.99	0	1	RPS12
RPS8	0	0.385573268927613	1	0.993	0	1	RPS8
RPS7	0	0.383803987029479	0.972	0.892	0	1	RPS7
RPS21	0	0.379276421957682	0.991	0.943	0	1	RPS21
RPL15	0	0.375755608222064	0.996	0.977	0	1	RPL15
RPS19	0	0.367691179094686	0.994	0.962	0	1	RPS19
PCNP	0	0.36066564888048	0.975	0.909	0	1	PCNP
RPS23	0	0.359666696961984	0.998	0.981	0	1	RPS23
RPL10A	0	0.358077128045438	0.973	0.882	0	1	RPL10A
RPS6	0	0.356559010694261	1	0.998	0	1	RPS6
RPL17	0	0.341692418876623	0.997	0.976	0	1	RPL17
ANGPT1	0	0.338570773640921	0.306	0.062	0	1	ANGPT1
RPS24	0	0.333848898065372	0.998	0.978	0	1	RPS24
RPS15A	0	0.327503059945716	0.998	0.983	0	1	RPS15A
RPL5	0	0.327230641323949	0.996	0.979	0	1	RPL5
RPL7	0	0.324512166181068	0.989	0.936	0	1	RPL7
RPS17	0	0.318918069138134	0.987	0.94	0	1	RPS17
RPL31	0	0.310140816031786	1	0.991	0	1	RPL31
RPL26	0	0.309540387013113	0.998	0.981	0	1	RPL26
RPL37A	0	0.307851669392589	0.99	0.953	0	1	RPL37A
RPL35A	0	0.298947732357961	0.996	0.974	0	1	RPL35A
RPL39	0	0.294849525908096	0.998	0.979	0	1	RPL39
RPL32	0	0.288398811351442	0.997	0.973	0	1	RPL32
FAM30A	0	0.282680759596713	0.299	0.076	0	1	FAM30A
GUCY1A3	0	0.279556467948446	0.295	0.081	0	1	GUCY1A3
EEF1A1	0	0.278624094865152	1	0.999	0	1	EEF1A1
CD34	0	0.274415526769635	0.271	0.068	0	1	CD34
RPL13A	0	0.271084382636146	1	0.997	0	1	RPL13A
RPS13	1.42394467375663e-291	0.320723025264708	0.988	0.961	2.56509393530519e-287	1	RPS13
RPL7A	7.30237017846787e-288	0.334351135703869	0.921	0.804	1.3154489639492e-283	1	RPL7A
RPS27A	7.09781970688117e-277	0.26168337491812	0.998	0.989	1.27860124199757e-272	1	RPS27A
RPL18	4.03144720233229e-274	0.359398958778712	0.82	0.635	7.26224899028139e-270	1	RPL18
RPSA	1.09961803043443e-270	0.309750196582511	0.939	0.827	1.98085192002458e-266	1	RPSA
TPT1	3.40247641581241e-268	0.315316958409636	0.998	0.995	6.12922101544448e-264	1	TPT1
RPS10	1.0962215159926e-264	0.307085974219306	0.968	0.906	1.97473343890908e-260	1	RPS10
RACK1	2.35294366605011e-255	0.314565734604487	0.944	0.865	4.23859272002266e-251	1	RACK1
RPL30	2.54783378651737e-249	0.259822026872071	0.996	0.977	4.5896677830324e-245	1	RPL30
RPL19	3.60465195154128e-246	0.259360633726395	0.994	0.981	6.49342002550647e-242	1	RPL19
EEF1G	2.68848143167883e-243	0.298150115883999	0.932	0.845	4.84303045102625e-239	1	EEF1G
RPS18P9	6.35753658092914e-238	0.361537744864201	0.686	0.456	1.14524663968858e-233	1	RPS18P9
RPS14	1.2795597076916e-226	0.261150972130761	0.998	0.987	2.30499885743565e-222	1	RPS14
RPS28	6.6762716207156e-226	0.305987588927578	0.888	0.755	1.20266356975571e-221	1	RPS28
RPS11	2.58778720526947e-223	0.259605591160527	0.993	0.969	4.66163987157242e-219	1	RPS11
RPL13AP5	2.17558948031293e-218	0.274024567005148	0.975	0.921	3.91910688983571e-214	1	RPL13AP5
RPL24	3.73958958387666e-209	0.250873186385744	0.974	0.926	6.73649667639542e-205	1	RPL24
ITM2A	9.67852686892944e-208	0.265158674533798	0.264	0.095	1.74348983016895e-203	1	ITM2A
SOX4	1.11683053192832e-206	0.320222066803053	0.402	0.195	2.01185852021567e-202	1	SOX4
RPL29	8.58190584958261e-200	0.280009184868592	0.84	0.683	1.54594451974381e-195	1	RPL29
RPS15	6.98927437668386e-198	0.266006013142786	0.942	0.864	1.25904788621583e-193	1	RPS15
RPL12	2.23864724417611e-188	0.264050538811674	0.992	0.97	4.03269914565885e-184	1	RPL12
FLT3	2.46109460378571e-188	0.276186500963006	0.467	0.254	4.43341581925958e-184	1	FLT3
RPS16	9.56433090564087e-188	0.268871076792305	0.954	0.897	1.72291856934215e-183	1	RPS16
RPS25	1.06934707187273e-183	0.326657716511048	0.997	0.988	1.92632181527154e-179	1	RPS25
RPL8	2.71280848343554e-174	0.288244220916434	0.798	0.654	4.88685320206078e-170	1	RPL8
GAPDH	1.93678577505119e-172	0.379765645634365	0.828	0.682	3.48892589517722e-168	1	GAPDH
HINT1	1.1053636839293e-168	0.295404293773417	0.775	0.619	1.99120214023024e-164	1	HINT1
HNRNPA1	1.08375771047829e-166	0.258008277267065	0.862	0.701	1.9522811396556e-162	1	HNRNPA1
MIF	4.70484481285653e-164	0.283164226355142	0.642	0.449	8.47530744587976e-160	1	MIF
RPLP0P2	1.04195853160687e-161	0.258303864436502	0.748	0.566	1.87698409883662e-157	1	RPLP0P2
TPM4	8.26789693797583e-156	0.279377722276019	0.556	0.362	1.48937895440697e-151	1	TPM4
BTF3	2.3593468030287e-153	0.255040764247274	0.812	0.673	4.25012733097589e-149	1	BTF3
ZFAS1	5.82551710083784e-151	0.294329771310709	0.688	0.52	1.04940865054493e-146	1	ZFAS1
EEF2	2.68095956813657e-150	0.257920490588637	0.863	0.747	4.82948056604122e-146	1	EEF2
IL7R	0	1.13480348305931	0.496	0.027	0	2	IL7R
ETS1	0	0.814999909847866	0.52	0.087	0	2	ETS1
SYNE2	0	0.633546441024961	0.372	0.07	0	2	SYNE2
LTB	0	0.517490426163065	0.329	0.05	0	2	LTB
IFITM1	0	0.484962050092813	0.388	0.087	0	2	IFITM1
CD3D	0	0.470014323621577	0.354	0.062	0	2	CD3D
CD3G	0	0.41939882111197	0.294	0.022	0	2	CD3G
CD2	0	0.412675874130245	0.291	0.041	0	2	CD2
SLFN5	0	0.398764924671058	0.271	0.039	0	2	SLFN5
IL32	0	0.394659362992507	0.29	0.032	0	2	IL32
GIMAP7	3.4517783167314e-292	0.37490071283421	0.27	0.054	6.21803345975994e-288	2	GIMAP7
MALAT11	3.90754918532675e-282	0.691422659424215	0.999	0.987	7.03905910244761e-278	2	MALAT1
TXNIP	6.37918357389776e-163	0.615180722580256	0.77	0.601	1.14914612900194e-158	2	TXNIP
RPS27	3.4689305986994e-160	0.446052716826604	0.994	0.994	6.24893158049709e-156	2	RPS27
CD52	2.68527240136185e-132	0.419447546712006	0.649	0.41	4.83724970381323e-128	2	CD52
PTPRC	2.40613072205105e-115	0.41187663302434	0.72	0.551	4.33440388270275e-111	2	PTPRC
FYB1	2.43387406158559e-112	0.400865569002311	0.432	0.238	4.38438073454029e-108	2	FYB1
RPS29	8.99168199224761e-112	0.342068105435811	0.99	0.99	1.61976159408349e-107	2	RPS29
TNFAIP3	3.7240783127555e-103	0.347225477714246	0.275	0.118	6.70855467259775e-99	2	TNFAIP3
RNA28S	2.31797800625673e-98	0.42085293978749	1	1	4.17560558047088e-94	2	RNA28S
ATM	6.12655349191029e-90	0.311022745323029	0.315	0.157	1.10363734603272e-85	2	ATM
CD48	2.16143353787738e-84	0.26295327684519	0.277	0.13	3.89360637513231e-80	2	CD48
KIAA1551	2.37482998100346e-84	0.330962688104846	0.326	0.17	4.27801872777963e-80	2	KIAA1551
CYLD	1.04287611851154e-79	0.281439921942599	0.299	0.15	1.87863703988669e-75	2	CYLD
RPL21	2.31528596208162e-79	0.31604477232979	0.987	0.992	4.17075613209383e-75	2	RPL21
SARAF	1.01550456485994e-77	0.373798036259262	0.46	0.308	1.82932992313869e-73	2	SARAF
RPLP2	3.08885081028658e-75	0.250322960624648	0.967	0.944	5.56425584965024e-71	2	RPLP2
RIPOR2	1.71020322740806e-68	0.268722465953464	0.38	0.225	3.08076009385287e-64	2	RIPOR2
ANKRD12	6.95800413138969e-68	0.354400823038312	0.469	0.329	1.25341486422854e-63	2	ANKRD12
SLC38A1	1.8602468032428e-63	0.268837661087749	0.352	0.207	3.35104859136159e-59	2	SLC38A1
HLA-E	1.79881614548214e-59	0.268782486190571	0.7	0.584	3.24038740447153e-55	2	HLA-E
TNRC6B	3.91070105576626e-46	0.266940939029214	0.37	0.251	7.04473688185733e-42	2	TNRC6B
RPS14P3	2.98642673303406e-42	0.266132584253714	0.761	0.761	5.37974911688756e-38	2	RPS14P3
CALM1	6.07822065256947e-36	0.25833743139508	0.562	0.484	1.09493066835386e-31	2	CALM1
HLA-DRA	0	1.2253646246986	0.876	0.549	0	3	HLA-DRA
CD74	0	1.12399449165626	0.835	0.525	0	3	CD74
HLA-DPA1	0	1.03740327334654	0.698	0.286	0	3	HLA-DPA1
HLA-DPB1	0	0.948545088556388	0.64	0.246	0	3	HLA-DPB1
HLA-DRB1	0	0.916293505515717	0.711	0.327	0	3	HLA-DRB1
CST31	0	0.803645824118625	0.73	0.309	0	3	CST3
FGL21	0	0.652320281737636	0.539	0.157	0	3	FGL2
NAPSB	0	0.631262709013755	0.453	0.063	0	3	NAPSB
HLA-DQB1	0	0.571987728579602	0.397	0.077	0	3	HLA-DQB1
FCER1A	0	0.536791903291442	0.274	0.03	0	3	FCER1A
HLA-DQA1	0	0.536000563314116	0.379	0.061	0	3	HLA-DQA1
SAMHD11	2.3246811239006e-304	0.735216834009622	0.66	0.282	4.18768057659454e-300	3	SAMHD1
HLA-DRB5	1.4784017873612e-297	0.580136857614906	0.499	0.156	2.66319297975246e-293	3	HLA-DRB5
JAML	2.31514853433871e-294	0.517507699750563	0.428	0.113	4.17050856975775e-290	3	JAML
TMSB4X1	1.94494827412107e-270	0.631431178984754	0.999	0.921	3.5036298210017e-266	3	TMSB4X
TMSB101	5.170415981678e-264	0.562269402903696	0.993	0.947	9.31398734939475e-260	3	TMSB10
LGALS2	6.28427921202036e-260	0.321766474595766	0.251	0.043	1.13205005725335e-255	3	LGALS2
HLA-DRB6	4.55268754883419e-232	0.408540665233733	0.42	0.132	8.20121135046991e-228	3	HLA-DRB6
CPVL	7.77922974996629e-220	0.51006635947011	0.403	0.128	1.40135044715893e-215	3	CPVL
HLA-DMB	2.6231368917631e-218	0.322562745234146	0.311	0.077	4.72531879682206e-214	3	HLA-DMB
IL13RA1	3.36636952594279e-211	0.33469775585757	0.327	0.087	6.06417806403333e-207	3	IL13RA1
COTL11	1.22763266450048e-204	0.483266285931167	0.53	0.221	2.21145748183117e-200	3	COTL1
ITGAX	4.13980000499438e-200	0.329265259277169	0.328	0.091	7.45743572899688e-196	3	ITGAX
FTH11	2.37826797059029e-193	0.609352614883928	0.902	0.694	4.28421192222135e-189	3	FTH1
IFI301	2.40587896990085e-187	0.416639980992957	0.448	0.161	4.3339503763794e-183	3	IFI30
FCER1G1	9.03886418395212e-178	0.423906736530052	0.504	0.21	1.62826099409713e-173	3	FCER1G
IGSF6	3.63665962985102e-177	0.330209756406574	0.331	0.1	6.55107865721363e-173	3	IGSF6
LST11	6.23273132229248e-177	0.452517343506988	0.561	0.26	1.12276422039777e-172	3	LST1
TYROBP1	7.62787916699167e-168	0.453042583089991	0.723	0.402	1.37408615314188e-163	3	TYROBP
CTSH1	2.92027020307902e-155	0.325612288309471	0.374	0.133	5.26057474382655e-151	3	CTSH
HLA-DMA	1.73169796587524e-152	0.343423478011686	0.39	0.15	3.11948071572765e-148	3	HLA-DMA
CTSS1	1.35077108678643e-147	0.615890115572186	0.725	0.442	2.43327903573708e-143	3	CTSS
ACTB1	1.21036394692379e-144	0.450327031778501	0.97	0.928	2.18034961398852e-140	3	ACTB
FTH1P3	4.15300488258111e-142	0.410120504313778	0.559	0.288	7.48122299548162e-138	3	FTH1P3
AIF11	2.9311011042595e-131	0.487155636970176	0.777	0.515	5.28008552921306e-127	3	AIF1
PAK1	7.26793128873906e-114	0.274496195977342	0.326	0.129	1.30924514235345e-109	3	PAK1
PSAP1	9.37814572163718e-103	0.463587950897595	0.697	0.452	1.68937917029572e-98	3	PSAP
AHR1	9.4430110503442e-102	0.348815270701588	0.427	0.21	1.701064010609e-97	3	AHR
AHNAK1	1.47248360207058e-97	0.362205887584028	0.625	0.378	2.65253196076995e-93	3	AHNAK
MS4A6A1	2.71316497813076e-97	0.408414692539223	0.396	0.194	4.88749539160475e-93	3	MS4A6A
CRIP1	1.23379064003002e-90	0.425775879439928	0.493	0.275	2.22255045895009e-86	3	CRIP1
MS4A71	2.01559240885795e-90	0.310767586600527	0.294	0.122	3.63088816531671e-86	3	MS4A7
GABARAP	3.80898453826495e-79	0.285303687399905	0.497	0.296	6.86150474723048e-75	3	GABARAP
OGFRL1	3.71525311641246e-78	0.262596752188191	0.317	0.147	6.6926569639054e-74	3	OGFRL1
RAB11FIP1	7.85459524972267e-78	0.252584592825209	0.334	0.158	1.41492678828504e-73	3	RAB11FIP1
S100A41	7.30297048131225e-75	0.338312351016047	0.738	0.55	1.31555710250359e-70	3	S100A4
TXNIP1	5.11242107642936e-74	0.343404942292407	0.769	0.607	9.20951532707984e-70	3	TXNIP
S100A61	1.12381548120875e-72	0.289451606042853	0.721	0.501	2.02444120784944e-68	3	S100A6
DBI	2.35829799977091e-69	0.356111382256993	0.577	0.397	4.24823801678732e-65	3	DBI
SAT11	5.35600329015691e-68	0.393609651959392	0.589	0.388	9.64830432688865e-64	3	SAT1
LCP11	5.55881976223224e-68	0.271535322915974	0.793	0.601	1.00136579196852e-63	3	LCP1
LGALS11	1.39985600108081e-64	0.302106026197981	0.605	0.403	2.52170060034697e-60	3	LGALS1
PTPRC1	1.98726927857307e-57	0.291961923700993	0.729	0.556	3.57986687842153e-53	3	PTPRC
VIM1	1.25820436582333e-56	0.270059799025455	0.84	0.646	2.26652934459415e-52	3	VIM
GPX1	7.5700071348206e-55	0.322571471233443	0.657	0.512	1.36366108526658e-50	3	GPX1
FTL1	1.23026198071713e-53	0.316702149440901	0.929	0.857	2.21619393206383e-49	3	FTL
MYL12A	5.25305174846468e-49	0.256037568932578	0.669	0.515	9.46284741968428e-45	3	MYL12A
CALM2	9.14988275074865e-48	0.314893180873314	0.724	0.633	1.64825987871986e-43	3	CALM2
CD521	1.72712435963328e-45	0.26278918524323	0.588	0.423	3.11124182144338e-41	3	CD52
SNORA109	1.00358048377296e-19	0.334771152245973	0.658	0.566	1.80784988346861e-15	3	SNORA109
HIST1H4C	0	1.44965653001152	0.921	0.456	0	4	HIST1H4C
HIST1H1B	0	1.12977853854342	0.762	0.16	0	4	HIST1H1B
TOP2A	0	1.12536721530965	0.751	0.103	0	4	TOP2A
HMGB21	0	0.982916142518101	0.956	0.564	0	4	HMGB2
CENPF	0	0.958466405048712	0.686	0.135	0	4	CENPF
MKI67	0	0.957739650007208	0.733	0.113	0	4	MKI67
TUBB	0	0.946136548363866	0.875	0.293	0	4	TUBB
STMN1	0	0.941275480369594	0.875	0.29	0	4	STMN1
TUBA1B	0	0.904636460861132	0.864	0.3	0	4	TUBA1B
HMGB1	0	0.876085331866541	0.982	0.75	0	4	HMGB1
HMGN2	0	0.85922871713678	0.933	0.528	0	4	HMGN2
NUSAP1	0	0.778083180146751	0.672	0.105	0	4	NUSAP1
PCLAF	0	0.714850470220326	0.699	0.165	0	4	PCLAF
H2AFZ	0	0.673883754842814	0.808	0.342	0	4	H2AFZ
ASPM	0	0.602267969448477	0.471	0.061	0	4	ASPM
TPX2	0	0.536442638299878	0.517	0.073	0	4	TPX2
CKS1B	0	0.440805368403114	0.49	0.103	0	4	CKS1B
CENPE	0	0.434600430468963	0.36	0.055	0	4	CENPE
HIST1H2AJ	0	0.42675122304849	0.418	0.065	0	4	HIST1H2AJ
BIRC5	0	0.410243564254158	0.409	0.052	0	4	BIRC5
KIF11	0	0.405743600869068	0.423	0.064	0	4	KIF11
HMMR	0	0.401959256218376	0.338	0.038	0	4	HMMR
KNL1	0	0.387766437671975	0.353	0.053	0	4	KNL1
DLGAP5	0	0.327807260736426	0.298	0.035	0	4	DLGAP5
UBE2C	0	0.305141027530991	0.264	0.017	0	4	UBE2C
KIF15	0	0.303784433460447	0.318	0.035	0	4	KIF15
CCNA2	0	0.302038669168438	0.319	0.048	0	4	CCNA2
CDK1	0	0.288896867986247	0.302	0.039	0	4	CDK1
RRM2	0	0.281572144127991	0.285	0.037	0	4	RRM2
SKA3	0	0.281056472790361	0.287	0.04	0	4	SKA3
NCAPG	0	0.274869033131355	0.286	0.035	0	4	NCAPG
HIST1H2AM	4.23558153127386e-306	0.488979285565357	0.501	0.126	7.62997657043672e-302	4	HIST1H2AM
NUF2	1.62989865248541e-299	0.2509173125855	0.26	0.033	2.93609943258722e-295	4	NUF2
TMPO	3.85103359101544e-293	0.603244567137286	0.758	0.307	6.93725191085521e-289	4	TMPO
BUB1	3.04667686021679e-288	0.274624568540475	0.281	0.041	5.48828369599452e-284	4	BUB1
SMC4	7.31360659151736e-284	0.576475681852789	0.684	0.248	1.31747309139594e-279	4	SMC4
NUCKS1	2.40535086086089e-277	0.621646020023763	0.843	0.412	4.33299904075481e-273	4	NUCKS1
PTTG1	3.59947865923687e-276	0.325321845649522	0.35	0.067	6.48410085674931e-272	4	PTTG1
PRC1	1.10817733298732e-274	0.32568505668264	0.377	0.076	1.99627064764337e-270	4	PRC1
RAD51AP1	1.75263848553836e-268	0.304977764064043	0.319	0.057	3.1572029678488e-264	4	RAD51AP1
PCNA	2.45691499534869e-234	0.447893915276211	0.48	0.143	4.42588667262114e-230	4	PCNA
CKS2	2.5971442879538e-234	0.416270003936065	0.466	0.134	4.67849572031997e-230	4	CKS2
PTMA	9.35862848064612e-230	0.517198947322956	0.998	0.963	1.68586333450359e-225	4	PTMA
SMC2	3.78615062078781e-225	0.344726953016045	0.425	0.113	6.82037172828716e-221	4	SMC2
H2AFX	7.61584629489666e-222	0.275067568007071	0.259	0.045	1.37191855156268e-217	4	H2AFX
NCAPD2	8.23458954414216e-221	0.262956341379175	0.299	0.06	1.48337896048177e-216	4	NCAPD2
CENPU	1.31071800060442e-218	0.400695370527556	0.473	0.14	2.3611274062888e-214	4	CENPU
DHFR	3.29300354353502e-206	0.380170383090227	0.481	0.15	5.93201658332399e-202	4	DHFR
PRR11	2.93490151502941e-204	0.330317571774085	0.371	0.096	5.28693158917397e-200	4	PRR11
HIST1H1D	1.86539257356557e-203	0.669642931879632	0.701	0.325	3.36031818202102e-199	4	HIST1H1D
DUT	1.74218727255957e-198	0.550022105052477	0.711	0.338	3.13837615278881e-194	4	DUT
FANCI	2.68846000728812e-189	0.251174727666876	0.301	0.068	4.84299185712881e-185	4	FANCI
LMNB1	1.74767218753997e-184	0.314251892194116	0.42	0.128	3.14825667863451e-180	4	LMNB1
EZH2	1.64714671602236e-182	0.29531194084962	0.375	0.105	2.96717009424268e-178	4	EZH2
ATAD2	2.98484935107849e-180	0.346444365703995	0.429	0.134	5.37690762103279e-176	4	ATAD2
CKAP2	9.62155232316913e-160	0.291722906956028	0.375	0.115	1.73322643549569e-155	4	CKAP2
SGO2	1.15201326293365e-158	0.266944799866237	0.28	0.069	2.07523669184868e-154	4	SGO2
CBX5	4.91815789978243e-150	0.360754753398713	0.504	0.201	8.85956964066807e-146	4	CBX5
NASP	5.41455177513641e-150	0.386885813806557	0.643	0.307	9.75377356773073e-146	4	NASP
IGLL1	4.10797657267776e-149	0.378618710227561	0.3	0.083	7.40010899802172e-145	4	IGLL1
CLSPN	8.13155011707434e-148	0.267191777444618	0.306	0.085	1.46481743808977e-143	4	CLSPN
USP1	1.96210595513494e-146	0.34056567637766	0.52	0.212	3.53453766758007e-142	4	USP1
PRIM1	2.20255436154705e-141	0.279387770459175	0.393	0.134	3.96768142689086e-137	4	PRIM1
FAM111A	6.33930381031556e-140	0.299497811858034	0.46	0.175	1.14196218839024e-135	4	FAM111A
DNAJC9	2.25671543281969e-138	0.302903350648795	0.45	0.169	4.06524718068139e-134	4	DNAJC9
KIF20B	7.10265675026074e-136	0.306521886664956	0.382	0.131	1.27947258699197e-131	4	KIF20B
TACC3	2.63150199746598e-135	0.256667046062509	0.371	0.125	4.74038769823521e-131	4	TACC3
RAD21	9.79636638120293e-129	0.368328178115698	0.592	0.29	1.7647174399099e-124	4	RAD21
H2AFV	1.28120200461781e-124	0.326579392726663	0.543	0.251	2.30795729111852e-120	4	H2AFV
PPIA	2.40277688847869e-123	0.414157187263377	0.875	0.648	4.32836228690552e-119	4	PPIA
HIST1H1C	5.04874866216332e-122	0.440926389751621	0.561	0.27	9.09481584002101e-118	4	HIST1H1C
ARL6IP1	1.68322969807867e-121	0.500282496004109	0.554	0.281	3.03216997811892e-117	4	ARL6IP1
BRCA2	7.43530660417681e-116	0.256561787099634	0.327	0.11	1.33939613167641e-111	4	BRCA2
SIVA1	9.73946271445819e-109	0.279113147407848	0.478	0.213	1.7544668133825e-104	4	SIVA1
HNRNPA2B1	4.7254237133989e-104	0.368666425636942	0.895	0.704	8.51237827731678e-100	4	HNRNPA2B1
ANP32B	7.80312219849788e-104	0.329583900415888	0.714	0.424	1.40565443283741e-99	4	ANP32B
ANP32E	1.00425900243075e-102	0.308884398922869	0.529	0.258	1.80907216697875e-98	4	ANP32E
RAN	1.89038261501374e-100	0.304081100407693	0.659	0.37	3.40533524268576e-96	4	RAN
HMGA1	1.76866961229747e-94	0.261916236511789	0.518	0.256	3.18608143959266e-90	4	HMGA1
DEK	3.94090112782926e-94	0.32825224854625	0.651	0.374	7.09913929167163e-90	4	DEK
NREP	3.95610549406219e-90	0.251077623474531	0.376	0.16	7.12652843700364e-86	4	NREP
HIST1H1E	2.28645210561654e-89	0.348365705038988	0.557	0.306	4.11881482305763e-85	4	HIST1H1E
RBMX	4.16237507963333e-88	0.284798808987845	0.647	0.377	7.49810246845148e-84	4	RBMX
HP1BP3	1.30513853365179e-86	0.315460941659182	0.61	0.356	2.35107655452034e-82	4	HP1BP3
UBB	8.49583578716091e-86	0.375500057803603	0.862	0.669	1.53043985869917e-81	4	UBB
RANBP1	4.0372594289631e-79	0.258658483576879	0.464	0.235	7.27271913533413e-75	4	RANBP1
HNRNPA11	1.6578771105836e-77	0.292875165030047	0.905	0.732	2.9864998270053e-73	4	HNRNPA1
CALM21	5.20353919436492e-77	0.327920753955918	0.84	0.627	9.37365550472897e-73	4	CALM2
HSP90AA1	1.65633359138636e-76	0.369414179412327	0.878	0.704	2.98371933152338e-72	4	HSP90AA1
NONO	3.55145583302644e-76	0.255955338867589	0.607	0.362	6.39759253761382e-72	4	NONO
SNRPG	2.39359882060249e-74	0.258290241653571	0.536	0.3	4.31182891543332e-70	4	SNRPG
SRSF3	7.51720111228218e-73	0.292765066523522	0.719	0.481	1.35414860836651e-68	4	SRSF3
NUCB2	1.07013558111745e-72	0.289462298777904	0.66	0.408	1.92774223582498e-68	4	NUCB2
HMGN1	1.15559719892082e-68	0.268057177209781	0.667	0.429	2.08169279413597e-64	4	HMGN1
RPLP01	2.27381944492865e-65	0.267095025842987	0.987	0.95	4.09605834809448e-61	4	RPLP0
HNRNPA3	4.42098602938071e-63	0.258504570439629	0.719	0.491	7.96396423332642e-59	4	HNRNPA3
GAPDH1	6.8584383592745e-55	0.280996100395528	0.868	0.71	1.23547908603971e-50	4	GAPDH
HSPD1	3.47080528808421e-51	0.26090931008735	0.657	0.448	6.25230864595489e-47	4	HSPD1
SPINK21	2.84709469912994e-43	0.315200399990146	0.346	0.191	5.12875639101268e-39	4	SPINK2
CDK61	2.18713953915901e-39	0.265255856614106	0.601	0.418	3.93991316584104e-35	4	CDK6
HBB	0	4.0265823218083	0.772	0.136	0	5	HBB
HBD	0	2.22411561757304	0.643	0.021	0	5	HBD
CA1	0	1.80361085088745	0.618	0.01	0	5	CA1
HBA2	0	1.69958804536413	0.259	0.024	0	5	HBA2
AHSP	0	1.57614412050443	0.531	0.012	0	5	AHSP
HBA1	0	1.00515540613655	0.294	0.005	0	5	HBA1
TFRC	0	0.863147361282217	0.6	0.128	0	5	TFRC
CA2	0	0.73548364013216	0.396	0.052	0	5	CA2
RHAG	0	0.662186334639031	0.418	0.002	0	5	RHAG
BLVRB	0	0.625562132425349	0.525	0.087	0	5	BLVRB
REXO2	0	0.610166118313504	0.531	0.08	0	5	REXO2
PDZD8	0	0.607884331838778	0.524	0.113	0	5	PDZD8
TMEM14C	0	0.572595191373451	0.61	0.171	0	5	TMEM14C
CENPU1	0	0.56968113606272	0.571	0.138	0	5	CENPU
PRDX2	0	0.532802461289212	0.421	0.049	0	5	PRDX2
PRKAR2B	0	0.530160705725203	0.484	0.063	0	5	PRKAR2B
SPTA1	0	0.527764505508264	0.341	0.007	0	5	SPTA1
HMGN5	0	0.503891295361482	0.449	0.043	0	5	HMGN5
NFIA	0	0.458838014503229	0.407	0.038	0	5	NFIA
ANK1	0	0.446609836808135	0.397	0.003	0	5	ANK1
APOC1	0	0.438073454621304	0.38	0.003	0	5	APOC1
EPCAM	0	0.425486842285073	0.337	0.008	0	5	EPCAM
UROD	0	0.38845703344498	0.441	0.084	0	5	UROD
CDC42BPA	0	0.362899508899484	0.335	0.012	0	5	CDC42BPA
TPM1	0	0.359893390091619	0.361	0.026	0	5	TPM1
MYH10	0	0.354652099734967	0.331	0.014	0	5	MYH10
NECAB1	0	0.334114632732164	0.305	0.013	0	5	NECAB1
FECH	0	0.330837689677129	0.312	0.035	0	5	FECH
TMEM56	0	0.327037989645823	0.252	0.007	0	5	TMEM56
MINPP1	0	0.295704568329776	0.27	0.027	0	5	MINPP1
XK	0	0.27587287713117	0.262	0.004	0	5	XK
MBOAT2	0	0.270249043663763	0.262	0.028	0	5	MBOAT2
ALDH1A1	0	0.266975329894535	0.253	0.013	0	5	ALDH1A1
ELOVL6	0	0.2595169697691	0.253	0.019	0	5	ELOVL6
MPC2	2.22860694481743e-299	0.433986962434808	0.488	0.11	4.01461255039411e-295	5	MPC2
UBAC1	3.86907634780442e-296	0.349238697578979	0.353	0.057	6.96975413293488e-292	5	UBAC1
TMEM14B	5.19395612348099e-289	0.605268138220673	0.645	0.212	9.35639256083866e-285	5	TMEM14B
CENPF1	1.72528443620959e-270	0.677522104345077	0.551	0.148	3.10792738338796e-266	5	CENPF
SLC40A1	1.28162329801359e-266	0.34494949530425	0.362	0.066	2.30871620904168e-262	5	SLC40A1
PCLAF1	1.22056866165118e-252	0.52097020427876	0.591	0.177	2.19873238709844e-248	5	PCLAF
HMGB11	6.04542025117966e-235	0.736405382482904	0.943	0.754	1.0890220040475e-230	5	HMGB1
ALAD	2.99709945265952e-231	0.292123239742027	0.322	0.059	5.39897495402085e-227	5	ALAD
HSPD11	1.87597722012774e-226	0.720201181456087	0.792	0.443	3.37938536433811e-222	5	HSPD1
HBS1L	2.20370995573937e-222	0.34470035096326	0.416	0.1	3.96976311426891e-218	5	HBS1L
ATPIF1	3.93269946353634e-220	0.668728802544284	0.663	0.289	7.08436481361435e-216	5	ATPIF1
METAP2	2.84306134798493e-219	0.543803550855055	0.585	0.212	5.12149071226005e-215	5	METAP2
LXN	2.960368568704e-215	0.256734740560112	0.256	0.04	5.33280793966338e-211	5	LXN
DLGAP51	7.42513760701395e-214	0.324545546543106	0.253	0.04	1.33756428852749e-209	5	DLGAP5
SSX2IP	2.37582081019904e-213	0.258337673773779	0.276	0.047	4.27980360749254e-209	5	SSX2IP
DNAJC91	9.31043120224911e-213	0.452262944323884	0.533	0.167	1.67718107677315e-208	5	DNAJC9
GYPC	1.10026307562076e-208	0.402542943124283	0.494	0.145	1.98201390442324e-204	5	GYPC
YBX1	7.19643921063901e-208	0.573010476045514	0.972	0.895	1.29636655940451e-203	5	YBX1
PAICS	1.67120910343469e-207	0.447490837849955	0.556	0.187	3.01051607892724e-203	5	PAICS
AKR1C3	1.027001829387e-206	0.328727213299431	0.33	0.069	1.85004109545773e-202	5	AKR1C3
FAM210B	8.04699849223433e-202	0.2907792799602	0.312	0.063	1.44958630839109e-197	5	FAM210B
GLRX5	3.28601667585165e-197	0.296005324784357	0.341	0.076	5.91943043987917e-193	5	GLRX5
FBXO7	3.84322847707076e-192	0.294524421714917	0.356	0.083	6.92319177859528e-188	5	FBXO7
TFDP1	8.0692110644365e-191	0.348021026523265	0.384	0.098	1.45358768114759e-186	5	TFDP1
OAT	4.91604434212413e-186	0.285839378485307	0.316	0.069	8.8557622779024e-182	5	OAT
DDX1	8.10774107233469e-184	0.370292965715794	0.506	0.166	1.46052847677037e-179	5	DDX1
NPM1	2.02396612675998e-174	0.621894685397635	0.884	0.739	3.64597258074542e-170	5	NPM1
HIST1H2AJ1	4.79816895869938e-174	0.439871248424297	0.316	0.074	8.64342156220107e-170	5	HIST1H2AJ
CDK62	1.27796128840323e-171	0.631464263097069	0.759	0.411	2.30211946492958e-167	5	CDK6
HIST1H1B1	1.56390689100614e-171	0.872204878157023	0.509	0.18	2.81722187345845e-167	5	HIST1H1B
HSP90AA11	1.97398433080917e-171	0.691842700056046	0.908	0.704	3.55593537351964e-167	5	HSP90AA1
NCL	1.31439343706072e-170	0.657952458880028	0.85	0.633	2.36774833752118e-166	5	NCL
HLTF	1.2128831997995e-168	0.283707892058396	0.31	0.072	2.18488779611883e-164	5	HLTF
PRC11	2.96340366877729e-168	0.353892979269933	0.33	0.082	5.33827536893541e-164	5	PRC1
ZFP36L1	6.48990945625829e-167	0.359465833788521	0.344	0.087	1.16909228945037e-162	5	ZFP36L1
RIF1	2.15288444440213e-163	0.438892638215422	0.541	0.204	3.878206038146e-159	5	RIF1
HSPE1	5.13285532418074e-160	0.439235148719872	0.57	0.234	9.24632558097918e-156	5	HSPE1
CISD2	2.25188499114869e-154	0.302132184965059	0.376	0.109	4.05654562305524e-150	5	CISD2
PA2G4	2.63123344058869e-153	0.444446894286145	0.688	0.341	4.73990391987646e-149	5	PA2G4
CCT6A	9.11901473946318e-152	0.482128625426101	0.622	0.29	1.6426993151669e-147	5	CCT6A
SERBP1	1.55179309504632e-149	0.531385005992529	0.81	0.55	2.79540008141644e-145	5	SERBP1
SOD1	1.0140075204458e-147	0.443663933468156	0.677	0.341	1.82663314733107e-143	5	SOD1
HIST1H1D1	9.52319734693118e-147	0.692617325188504	0.655	0.331	1.71550877007618e-142	5	HIST1H1D
CCNA21	1.68464666099391e-144	0.253262453279418	0.251	0.055	3.03472249511443e-140	5	CCNA2
DHFR1	2.66214377075552e-144	0.363141274898051	0.449	0.156	4.795585788639e-140	5	DHFR
SLIRP	3.00286636693211e-143	0.386436645704392	0.545	0.227	5.4093634733915e-139	5	SLIRP
EIF1AY	2.5726079498863e-142	0.283642822755904	0.311	0.082	4.63429596092518e-138	5	EIF1AY
SUPT16H	3.50854165485217e-140	0.414584478789682	0.571	0.252	6.3202869370507e-136	5	SUPT16H
MKI671	7.4378940818462e-140	0.435402191522679	0.422	0.137	1.33986223990377e-135	5	MKI67
TUBB1	8.53419356516167e-140	0.424674000824561	0.665	0.311	1.53734962882822e-135	5	TUBB
HIST1H4C1	9.34204398037235e-138	0.840776454644397	0.781	0.468	1.68287580262427e-133	5	HIST1H4C
TOP2A1	4.78428644170591e-134	0.407618803284501	0.398	0.129	8.61841359608902e-130	5	TOP2A
NOP58	1.64288442656701e-133	0.412450987276627	0.616	0.293	2.95949200601781e-129	5	NOP58
RANBP11	2.02933277982441e-130	0.363946783144449	0.543	0.232	3.65564006957569e-126	5	RANBP1
MCM3	3.44341463983792e-127	0.272100108257035	0.371	0.119	6.20296713220403e-123	5	MCM3
PRKDC	4.02926585010273e-127	0.356433416875062	0.553	0.239	7.25831950237505e-123	5	PRKDC
MCM4	5.32230246686041e-127	0.294170190608927	0.403	0.137	9.58759566380234e-123	5	MCM4
NASP1	8.30375406272681e-127	0.398541827193949	0.635	0.311	1.49583825685961e-122	5	NASP
CKS21	2.08789986502905e-124	0.366642624692064	0.399	0.141	3.76114281686334e-120	5	CKS2
NDUFS5	2.41249378992242e-124	0.385130884669624	0.65	0.332	4.34586631316625e-120	5	NDUFS5
NAP1L4	4.71129645910684e-121	0.337563738700372	0.537	0.232	8.48692944143505e-117	5	NAP1L4
TPX21	6.47071438993351e-121	0.279099786398838	0.309	0.089	1.16563449020262e-116	5	TPX2
VBP1	3.57391066024339e-119	0.319361262172368	0.465	0.184	6.43804266336245e-115	5	VBP1
LRPPRC	9.50006186639565e-119	0.338624583426281	0.475	0.193	1.71134114461251e-114	5	LRPPRC
DUT1	2.3504119650635e-115	0.432268622652646	0.656	0.345	4.23403211386539e-111	5	DUT
PDCD4	5.61953064956533e-115	0.348685956936819	0.5	0.215	1.0123022512127e-110	5	PDCD4
EIF2AK1	1.19123777673849e-114	0.329216163910861	0.456	0.183	2.14589573101671e-110	5	EIF2AK1
HMGA11	2.29132667328664e-114	0.331386913448338	0.557	0.256	4.12759586925855e-110	5	HMGA1
TCEA1	1.68014458617294e-113	0.346923007633571	0.585	0.281	3.02661245753194e-109	5	TCEA1
EIF5B	2.97341888967947e-111	0.349212289510685	0.568	0.266	5.35631678786859e-107	5	EIF5B
RPL22L1	9.56953301451438e-110	0.383573453917499	0.6	0.309	1.72385567723462e-105	5	RPL22L1
GSPT1	1.25750133285959e-109	0.310480771939742	0.466	0.193	2.26526290101327e-105	5	GSPT1
TFDP2	2.37595073392126e-109	0.294336661275245	0.452	0.179	4.28003765208576e-105	5	TFDP2
PCNA1	2.49610970025466e-108	0.292755930628337	0.406	0.15	4.49649201403875e-104	5	PCNA
HSP90AB11	3.17620344266907e-107	0.433331568700586	0.846	0.689	5.72161288162407e-103	5	HSP90AB1
HMGB22	3.42212420678642e-106	0.538908382157715	0.839	0.575	6.16461454610506e-102	5	HMGB2
SMC21	7.53468342388381e-105	0.273441201448822	0.348	0.121	1.35729787197843e-100	5	SMC2
PTMA1	1.74976990194162e-103	0.340031133868425	0.965	0.965	3.15203550135763e-99	5	PTMA
EIF3A	2.06091228042943e-102	0.406351659183467	0.695	0.425	3.71252738196558e-98	5	EIF3A
CLEC2D	6.99549434332094e-100	0.331769374032812	0.629	0.342	1.26016835100583e-95	5	CLEC2D
STMN11	2.91515920979447e-99	0.30288910066847	0.627	0.31	5.25136780052375e-95	5	STMN1
CBX51	2.10249420600215e-98	0.293949608979648	0.474	0.206	3.78743306269227e-94	5	CBX5
HNRNPAB	8.19226322015235e-97	0.25382531794425	0.401	0.158	1.47575429647824e-92	5	HNRNPAB
ABCE1	1.0274485474785e-96	0.25058733626915	0.393	0.153	1.85084581342777e-92	5	ABCE1
HDGF	1.2244843745042e-95	0.305604652021781	0.539	0.261	2.20578615223186e-91	5	HDGF
TMPO1	6.58966774071621e-95	0.354741323289656	0.605	0.32	1.18706274681262e-90	5	TMPO
RAN1	6.68366536326818e-95	0.33745042231167	0.665	0.373	1.20399547853913e-90	5	RAN
ST13	1.79058621951002e-94	0.355783309619853	0.675	0.399	3.22556201582535e-90	5	ST13
NDUFB6	2.08670614926968e-94	0.256573744068983	0.445	0.189	3.75899245729441e-90	5	NDUFB6
AMD1	4.07329648659907e-94	0.314572289386205	0.545	0.273	7.33763629095957e-90	5	AMD1
CACYBP	6.45860545284304e-94	0.330012936918486	0.558	0.281	1.16345318627515e-89	5	CACYBP
GNL3	1.687429915802e-93	0.302647761702377	0.479	0.218	3.03973625032573e-89	5	GNL3
ZMYND8	2.67356463760438e-93	0.260111384429798	0.346	0.127	4.81615933818053e-89	5	ZMYND8
SSB	2.17617846345473e-91	0.291339142982302	0.504	0.24	3.92016788406735e-87	5	SSB
CBX3	1.8055000018118e-89	0.330496308356955	0.719	0.451	3.25242770326378e-85	5	CBX3
RPL14	3.47475287429877e-89	0.322343750547317	0.968	0.967	6.25941982776181e-85	5	RPL14
YWHAE	2.56252442812354e-87	0.324659425846037	0.749	0.489	4.61613150482174e-83	5	YWHAE
CD36	3.25789764942739e-87	0.313991064123643	0.513	0.235	5.86877682567849e-83	5	CD36
ATP5G1	3.91969842586058e-87	0.256947920336563	0.414	0.177	7.06094474434524e-83	5	ATP5G1
MYB	7.34199139802978e-86	0.2791149792486	0.462	0.209	1.32258633044109e-81	5	MYB
LOC100506844	1.73996795525758e-85	0.278601650734478	0.444	0.2	3.134378274601e-81	5	LOC100506844
XRCC5	3.55622996868689e-84	0.316707172400127	0.648	0.378	6.40619266559256e-80	5	XRCC5
SNRPD1	1.63467729321593e-83	0.268334823508098	0.501	0.244	2.94470767599918e-79	5	SNRPD1
UQCRQ	3.34763819100754e-83	0.316078517171704	0.639	0.372	6.03043543728098e-79	5	UQCRQ
SNRPE	4.91333970400667e-83	0.296706424928846	0.565	0.302	8.85089014279761e-79	5	SNRPE
NUCKS11	1.09128012854725e-81	0.307977529159946	0.703	0.424	1.96583202356501e-77	5	NUCKS1
NUDT4	3.38711045102127e-81	0.265479101793294	0.367	0.151	6.10154076646973e-77	5	NUDT4
H2AFZ1	1.24996737127923e-78	0.284803398539733	0.641	0.356	2.25169122262241e-74	5	H2AFZ
EIF5A	6.80079329185307e-77	0.264441706338471	0.547	0.292	1.22509490359441e-72	5	EIF5A
LDHB	1.10541576527336e-75	0.319679196774588	0.665	0.422	1.99129595956343e-71	5	LDHB
ANP32B1	5.4902813758696e-75	0.306382595661824	0.686	0.429	9.89019287049149e-71	5	ANP32B
SNRPG1	1.05172644073421e-74	0.303108469694696	0.547	0.302	1.89458001033861e-70	5	SNRPG
WBP11	1.47653230012694e-72	0.2509502020779	0.444	0.214	2.65982528544867e-68	5	WBP11
HSPA8	2.09607170596426e-71	0.384179423916618	0.712	0.494	3.77586357112402e-67	5	HSPA8
U2SURP	6.10081917750757e-70	0.27282474952405	0.571	0.322	1.09900156663621e-65	5	U2SURP
SMC41	4.04600800452869e-69	0.303753007626213	0.501	0.263	7.28847881935798e-65	5	SMC4
HNRNPA2B11	4.0498945129993e-69	0.291537838963039	0.882	0.706	7.29547997571693e-65	5	HNRNPA2B1
HNRNPA12	2.43449614458559e-66	0.320378187564849	0.859	0.736	4.38550135485648e-62	5	HNRNPA1
SKP1	3.96989079565242e-65	0.264308750079845	0.644	0.392	7.15136127928828e-61	5	SKP1
DEK1	2.03687022567828e-64	0.261805226473773	0.637	0.378	3.66921802453685e-60	5	DEK
NUSAP11	8.55224446673538e-63	0.28151532504025	0.311	0.131	1.54060131823771e-58	5	NUSAP1
TXN	1.68191172244309e-60	0.255881195884328	0.698	0.466	3.02979577680899e-56	5	TXN
SLC25A37	4.15087082928855e-57	0.56659045501435	0.42	0.232	7.47737871188038e-53	5	SLC25A37
RPLP0P21	4.41832665050496e-54	0.273347428124223	0.782	0.603	7.95917362821964e-50	5	RPLP0P2
MATR3	1.75437094942538e-46	0.252281295538828	0.739	0.568	3.16032382829487e-42	5	MATR3
HIST1H1C1	3.61805017333423e-40	0.29924502596114	0.46	0.279	6.51755558224428e-36	5	HIST1H1C
ELANE	0	1.7553010919913	0.823	0.125	0	6	ELANE
MPO	0	1.69350921986298	0.761	0.195	0	6	MPO
PRTN3	0	1.20939958046253	0.658	0.049	0	6	PRTN3
AZU1	0	1.01285047608155	0.665	0.115	0	6	AZU1
PRSS57	2.06196987139559e-281	0.504075647518821	0.565	0.146	3.71443252633202e-277	6	PRSS57
CTSG1	2.00711074983584e-246	1.24637396267467	0.494	0.138	3.61560930475428e-242	6	CTSG
CLEC11A	7.99415389812809e-229	0.438157554316084	0.579	0.175	1.44006688320879e-224	6	CLEC11A
CST7	3.00185647267075e-206	0.451103439038019	0.313	0.061	5.40754424986908e-202	6	CST7
POU4F1	7.02858796601652e-193	0.432996346818818	0.277	0.049	1.26612983619822e-188	6	POU4F1
CALR	1.56928785017574e-156	0.719862873636773	0.812	0.506	2.82691513330657e-152	6	CALR
LINC01835	4.45092892332565e-151	0.321403175394408	0.287	0.064	8.01790336247883e-147	6	LINC01835
SERPINB11	3.4320243808718e-144	0.552168011414741	0.88	0.546	6.18244871970246e-140	6	SERPINB1
MS4A3	4.87388787042856e-142	0.303858365425782	0.252	0.054	8.77982160979001e-138	6	MS4A3
IGLL11	2.40269535276634e-140	0.31986461859412	0.325	0.085	4.32821540847328e-136	6	IGLL1
RPS241	2.35329688891285e-132	0.406874154248415	0.997	0.982	4.23922901568761e-128	6	RPS24
RNASE3	1.05981343592644e-131	0.364408638431925	0.296	0.077	1.9091479234779e-127	6	RNASE3
NUCB21	1.95243977401905e-131	0.618899454651891	0.739	0.407	3.51712500891792e-127	6	NUCB2
GYPC1	3.7211350520205e-103	0.274007367780936	0.409	0.151	6.70325268270974e-99	6	GYPC
LRRC75A-AS11	1.61982033239985e-102	0.514401245005665	0.868	0.635	2.91794434678509e-98	6	LRRC75A-AS1
RPL37A1	1.66000015873651e-100	0.360715433811293	0.993	0.96	2.99032428594794e-96	6	RPL37A
RPS171	6.28380296483849e-96	0.335604725445929	0.988	0.95	1.13196426608601e-91	6	RPS17
RPS61	1.16315790394994e-94	0.287616055356951	1	0.999	2.09531264817543e-90	6	RPS6
RPL71	2.42602510035006e-94	0.319773260365084	0.991	0.947	4.3702416157706e-90	6	RPL7
RPL35	9.53395066392669e-94	0.321192676122174	0.987	0.96	1.71744587259975e-89	6	RPL35
RPL6	3.25321691866964e-91	0.292358022803572	0.994	0.978	5.86034495729149e-87	6	RPL6
RPL121	1.48520281696874e-88	0.340821032643739	0.997	0.974	2.67544435448749e-84	6	RPL12
RPS181	2.25005782805132e-84	0.328845422490345	0.998	0.991	4.05325417145165e-80	6	RPS18
EEF1B21	2.85036115823705e-84	0.396099078957476	0.967	0.904	5.13464059044823e-80	6	EEF1B2
RNASE21	5.03780655888563e-84	0.495452048192295	0.542	0.28	9.07510473517657e-80	6	RNASE2
RPL36A	5.09793569792306e-84	0.307989574653238	0.997	0.973	9.18342136623859e-80	6	RPL36A
MYB1	6.60765192836481e-84	0.264220159630364	0.475	0.21	1.19030241837564e-79	6	MYB
RPL13A1	5.65048888967655e-82	0.254740179366636	1	0.997	1.01787906858633e-77	6	RPL13A
RPL261	1.14848098649205e-81	0.305548888495787	0.995	0.985	2.06887364906677e-77	6	RPL26
RPS81	2.25487163643355e-80	0.285665724713785	0.999	0.994	4.0619257658714e-76	6	RPS8
FAM46A	3.71649646674448e-79	0.349663176140725	0.398	0.17	6.69489673519351e-75	6	FAM46A
RPS141	8.0346151565368e-79	0.28561190280081	0.997	0.989	1.44735557429854e-74	6	RPS14
RPL311	7.78721191210728e-78	0.264551358195439	0.999	0.993	1.40278835384701e-73	6	RPL31
EEF1A11	1.17199226040262e-77	0.265760090642517	1	0.999	2.11122685788928e-73	6	EEF1A1
NPM11	2.53811724902169e-76	0.306119121715566	0.933	0.737	4.57216441238767e-72	6	NPM1
RPS231	2.40332304001295e-74	0.267817704975138	0.995	0.985	4.32934612427933e-70	6	RPS23
RPL391	1.31125129360933e-70	0.27555023290967	0.996	0.983	2.36208808030784e-66	6	RPL39
RPL51	1.36649468847243e-70	0.2629483221563	0.997	0.983	2.46160353181423e-66	6	RPL5
RPLP02	2.73827341368504e-70	0.341531118336385	0.99	0.951	4.93272572741223e-66	6	RPLP0
RPL38	9.18191892765169e-70	0.322665984697496	0.937	0.826	1.65403087562718e-65	6	RPL38
RPS211	2.58475576117525e-69	0.270331472180869	0.979	0.954	4.6561790281811e-65	6	RPS21
RPS3A1	1.23262753794383e-68	0.289962626317413	0.998	0.997	2.22045524685201e-64	6	RPS3A
RPL171	9.12053119132919e-68	0.267265718979659	0.995	0.98	1.64297248880604e-63	6	RPL17
MAN1A1	2.69869489271772e-67	0.323800804644022	0.355	0.154	4.8614289797417e-63	6	MAN1A1
RPL33	3.8216713912222e-66	0.313534865579843	0.992	0.948	6.88435884414766e-62	6	RPL3
CFD1	1.27772412117998e-65	0.344597070344226	0.672	0.39	2.30169223189362e-61	6	CFD
CDK63	2.21242539719764e-65	0.39553560157838	0.675	0.417	3.98546311051182e-61	6	CDK6
RPLP21	3.46030870654343e-63	0.296957915804933	0.989	0.945	6.23340010396733e-59	6	RPLP2
RPL91	1.20594723254029e-62	0.291993025670493	0.995	0.983	2.17239334469807e-58	6	RPL9
RPL7A1	2.96568681008406e-61	0.281856559236727	0.956	0.827	5.34238821968542e-57	6	RPL7A
NAP1L1	7.80756524858511e-61	0.285187657270528	0.865	0.649	1.40645480388012e-56	6	NAP1L1
RPL22	2.21304856696811e-60	0.256356742324106	0.971	0.906	3.98658568853635e-56	6	RPL22
VAMP8	1.29742247921427e-59	0.277098603526273	0.714	0.467	2.33717685405658e-55	6	VAMP8
SNHG5	2.91250158147183e-59	0.302357682258924	0.825	0.626	5.24658034886335e-55	6	SNHG5
MIF1	4.00495832029335e-59	0.281245558144146	0.735	0.486	7.21453191817644e-55	6	MIF
CAT	4.18985030887896e-59	0.399235815570265	0.551	0.336	7.54759634641456e-55	6	CAT
GAS51	1.16687450882423e-58	0.32888579038211	0.771	0.542	2.10200774019597e-54	6	GAS5
RPL10A1	6.72118810812339e-58	0.26548669915569	0.957	0.903	1.21075482579735e-53	6	RPL10A
APEX1	3.33769658890161e-57	0.258820671291974	0.542	0.313	6.01252663524737e-53	6	APEX1
RPS71	4.64495093971045e-55	0.259270204185685	0.968	0.91	8.36741462279441e-51	6	RPS7
RNASEH2C	1.20711249287823e-54	0.295977785305787	0.381	0.19	2.17449244467085e-50	6	RNASEH2C
RPL291	3.2738763787619e-51	0.283089085601282	0.863	0.716	5.89756090870168e-47	6	RPL29
RPL18A1	4.43677975959571e-50	0.306899809054096	0.966	0.922	7.99241505893571e-46	6	RPL18A
RPS22	2.00777214067807e-48	0.321515271689334	0.952	0.872	3.61680073421748e-44	6	RPS2
RPS31	1.41418954505313e-47	0.295255479935733	0.946	0.864	2.5475210464587e-43	6	RPS3
RPL131	8.20700477633183e-47	0.250963589649875	0.999	0.989	1.47840984040842e-42	6	RPL13
RPS161	6.61431938776353e-44	0.269443005485614	0.96	0.909	1.19150349451172e-39	6	RPS16
HSP90B1	1.10085323282071e-43	0.363456998274501	0.736	0.579	1.98307701360322e-39	6	HSP90B1
RPL81	9.82485349057121e-43	0.283146484748381	0.837	0.684	1.7698491077915e-38	6	RPL8
RPS51	1.86187782753997e-39	0.301774701126836	0.895	0.777	3.35398671853051e-35	6	RPS5
SRGN1	1.15508052090735e-33	0.645842957406156	0.745	0.804	2.08076205036251e-29	6	SRGN
HSPA51	1.44143840958035e-25	0.261603849331325	0.636	0.476	2.59660715101805e-21	6	HSPA5
RNA5-8S	4.60293209164946e-24	0.283555576245756	0.592	0.45	8.29172186989733e-20	6	RNA5-8S
CCL5	0	1.56762798606444	0.789	0.085	0	7	CCL5
GNLY	0	1.32903926432588	0.506	0.018	0	7	GNLY
GZMA	0	1.11044726782393	0.62	0.01	0	7	GZMA
SYNE21	0	1.10080044328208	0.64	0.08	0	7	SYNE2
ETS11	0	0.972790325829149	0.694	0.111	0	7	ETS1
PRF1	0	0.904355698330789	0.47	0.009	0	7	PRF1
SYNE1	0	0.825886646949046	0.499	0.05	0	7	SYNE1
IFITM11	0	0.793886804973573	0.558	0.102	0	7	IFITM1
IL321	0	0.76021800008676	0.515	0.042	0	7	IL32
KLRD1	0	0.733678763042355	0.411	0.009	0	7	KLRD1
KLRK1	0	0.690685133803746	0.439	0.016	0	7	KLRK1
NKG7	0	0.686639564089222	0.465	0.038	0	7	NKG7
GZMB	0	0.618220263114639	0.328	0.005	0	7	GZMB
SLFN51	0	0.603328666805007	0.422	0.05	0	7	SLFN5
CD21	0	0.574358384925608	0.415	0.054	0	7	CD2
IKZF3	0	0.522864455823154	0.371	0.04	0	7	IKZF3
KLRB1	0	0.513702673513624	0.286	0.013	0	7	KLRB1
CD8A	0	0.428423781960469	0.265	0.01	0	7	CD8A
PYHIN1	0	0.416386989784112	0.258	0.015	0	7	PYHIN1
CD247	0	0.336399268754665	0.258	0.011	0	7	CD247
RUNX3	1.01330789344627e-298	0.409956222479708	0.326	0.039	1.82537283925411e-294	7	RUNX3
B2M	2.47873245123954e-275	0.763214354320855	1	0.988	4.4651886376629e-271	7	B2M
DUSP2	3.98315530103822e-256	0.500360594204494	0.346	0.052	7.17525595929025e-252	7	DUSP2
CMC1	1.38430082950454e-254	0.722233852115661	0.455	0.096	2.49367951426948e-250	7	CMC1
ARL4C	4.71144034921837e-243	0.574737684059985	0.405	0.076	8.48718864508197e-239	7	ARL4C
CST71	2.10536187143119e-226	0.465794594232346	0.356	0.062	3.79259887519615e-222	7	CST7
CD3G1	6.01908571733377e-212	0.434004375654161	0.287	0.042	1.08427810112051e-207	7	CD3G
PTPRC2	1.20343526012992e-187	0.774860513938658	0.89	0.556	2.16786827759804e-183	7	PTPRC
CD3D1	1.72958462530367e-163	0.486456294421841	0.364	0.083	3.11567374402202e-159	7	CD3D
CALM11	1.25995089366406e-145	0.734858549536718	0.777	0.48	2.26967553984644e-141	7	CALM1
GNG2	3.20319177783373e-136	0.344901499552976	0.267	0.055	5.77022966858968e-132	7	GNG2
GIMAP71	7.41068486094816e-133	0.396678122644641	0.298	0.068	1.3349607708512e-128	7	GIMAP7
HLA-E1	7.04965924883981e-112	0.613601740231552	0.821	0.587	1.269925617086e-107	7	HLA-E
RNF213	2.26739533203549e-109	0.505297908527187	0.506	0.21	4.08448595112873e-105	7	RNF213
PTPRCAP	3.30162549478783e-104	0.458067965701541	0.45	0.174	5.9475481663108e-100	7	PTPRCAP
HLA-B	1.94074598547504e-102	0.545179740488788	0.919	0.771	3.49605981823474e-98	7	HLA-B
TMSB4X2	3.59143006162972e-97	0.426010489451082	0.999	0.924	6.46960211301977e-93	7	TMSB4X
TXNIP2	2.47646892691602e-96	0.644599167443348	0.828	0.611	4.46111112494652e-92	7	TXNIP
PIP4K2A	5.8529599141634e-94	0.394724462643282	0.411	0.157	1.05435219893739e-89	7	PIP4K2A
RPS271	1.21152593925049e-89	0.392410866217818	0.999	0.993	2.18244282696583e-85	7	RPS27
HLA-F	4.41550535075964e-89	0.392827406985969	0.407	0.159	7.95409133885842e-85	7	HLA-F
JAK1	1.18266727939255e-78	0.505090246512612	0.491	0.244	2.13045683709774e-74	7	JAK1
HLA-C	1.78924579043975e-78	0.503869637565898	0.755	0.554	3.22314736689816e-74	7	HLA-C
MAN1A2	7.2084989420644e-76	0.512701683493894	0.542	0.297	1.29853899942348e-71	7	MAN1A2
STK17A	1.54902163711079e-74	0.354336664012674	0.296	0.102	2.79040757709138e-70	7	STK17A
BTG11	9.98545040065744e-73	0.435549612323452	0.548	0.29	1.79877903517443e-68	7	BTG1
LITAF	7.17036304210164e-72	0.335110980139356	0.329	0.123	1.29166919840419e-67	7	LITAF
ATM1	1.42122112477869e-69	0.411146807892462	0.383	0.166	2.56018773417634e-65	7	ATM
KIAA15511	1.55821775625994e-68	0.441455979908987	0.4	0.178	2.80697346612666e-64	7	KIAA1551
CD96	5.77574019788327e-64	0.3315323597486	0.341	0.137	1.04044183924669e-59	7	CD96
SLC38A11	6.69973859817147e-63	0.403999969583145	0.439	0.214	1.20689091107461e-58	7	SLC38A1
TNFAIP31	7.42068826144177e-62	0.425822626898866	0.319	0.127	1.33676278341612e-57	7	TNFAIP3
UTRN	2.44634807628378e-60	0.517866121766577	0.465	0.256	4.4068514246176e-56	7	UTRN
RNF125	1.76866672100165e-59	0.325654229150547	0.314	0.127	3.18607623121237e-55	7	RNF125
CD481	1.75944658375371e-54	0.316734609072093	0.325	0.139	3.16946707597393e-50	7	CD48
PIK3R1	5.01590447651118e-52	0.564794426992971	0.455	0.268	9.03565032398724e-48	7	PIK3R1
ID2	1.23001370009604e-51	0.426986239500363	0.455	0.252	2.21574667935302e-47	7	ID2
CDC42SE2	3.26704931285008e-51	0.383517511070174	0.456	0.258	5.88526263216813e-47	7	CDC42SE2
PARP8	1.10791982747993e-48	0.363490106938431	0.355	0.174	1.99580677722235e-44	7	PARP8
CNOT6L	3.70226020248314e-48	0.369945916191524	0.329	0.155	6.66925152875313e-44	7	CNOT6L
CDC42SE1	1.15010462093946e-45	0.337936992900017	0.434	0.244	2.07179846416034e-41	7	CDC42SE1
HLA-A	1.29903478557384e-41	0.370618735608378	0.71	0.563	2.34008126273272e-37	7	HLA-A
APOL6	1.141563538134e-35	0.26765379459257	0.261	0.122	2.05641255759458e-31	7	APOL6
MBP	2.0719570963034e-35	0.261700761204768	0.276	0.133	3.73242351328095e-31	7	MBP
YWHAZ1	6.67666599484635e-35	0.350176251541	0.725	0.637	1.20273461231162e-30	7	YWHAZ
SEPT7	9.91382627828074e-34	0.341067965248837	0.509	0.361	1.78587666576949e-29	7	SEPT7
CYTH1	4.93398981891687e-33	0.253975424010956	0.312	0.163	8.88808925979684e-29	7	CYTH1
RBL2	1.60358516319081e-30	0.276366390265063	0.288	0.152	2.88869831297193e-26	7	RBL2
MYL12A1	3.12464699688088e-28	0.331337778644851	0.627	0.523	5.62873910018122e-24	7	MYL12A
UHMK1	1.02870374830565e-25	0.280104143635478	0.361	0.226	1.8531069321978e-21	7	UHMK1
SAMD9	2.82556196490218e-25	0.271885324164379	0.26	0.139	5.08996732357478e-21	7	SAMD9
CXCR41	5.88016034660716e-25	0.295627769835445	0.394	0.26	1.05925208483781e-20	7	CXCR4
RNA28S1	2.11425880488372e-24	0.33594701515778	1	1	3.80862581111753e-20	7	RNA28S
FYB11	1.0112536583017e-23	0.283616339679161	0.39	0.253	1.82167234006468e-19	7	FYB1
ZFP36L2	8.73986710812915e-23	0.373814163414134	0.621	0.541	1.57439966085838e-18	7	ZFP36L2
CD69	3.89351540877351e-22	0.280133474014614	0.28	0.159	7.0137786573646e-18	7	CD69
DDX5	3.99687291310172e-21	0.270711316561724	0.737	0.71	7.19996686566145e-17	7	DDX5
AKAP13	4.97163333114689e-19	0.265216000006311	0.389	0.274	8.95590028272801e-15	7	AKAP13
MACF1	2.44503732390793e-18	0.286499335903505	0.471	0.368	4.40449023528774e-14	7	MACF1
STK4	9.02253120380294e-17	0.26137424550799	0.357	0.254	1.62531877105306e-12	7	STK4
RAP1B	9.71347614481207e-17	0.268661001682897	0.425	0.327	1.74978559272645e-12	7	RAP1B
SP100	6.67404102938155e-16	0.281284051310085	0.406	0.311	1.20226175103279e-11	7	SP100
SARAF1	4.20757344847493e-15	0.278002946526628	0.409	0.321	7.57952281008274e-11	7	SARAF
ANKRD121	6.83613687237411e-15	0.306789655497093	0.423	0.341	1.23146169618947e-10	7	ANKRD12
ADD3	8.64951787330326e-15	0.265039585292635	0.337	0.245	1.55812414969685e-10	7	ADD3
IQGAP11	3.27551954192278e-14	0.260049348018808	0.509	0.442	5.9005209028197e-10	7	IQGAP1
MBNL1	1.73992487263743e-13	0.265815139141424	0.535	0.478	3.13430066556906e-09	7	MBNL1
YPEL5	6.31176089145785e-08	0.253274934391197	0.298	0.24	0.00113700060698722	7	YPEL5
IGLL5	0	2.90975375378162	0.305	0.027	0	8	IGLL5
JCHAIN	0	2.81348066635211	0.652	0.038	0	8	JCHAIN
ELK2AP	0	2.09990186571133	0.311	0.005	0	8	ELK2AP
MZB1	0	1.2044562171237	0.46	0.028	0	8	MZB1
TXNDC5	0	0.90577408376709	0.425	0.038	0	8	TXNDC5
SLAMF7	0	0.606920783881806	0.353	0.019	0	8	SLAMF7
ANKRD36BP2	0	0.564544022985424	0.299	0.015	0	8	ANKRD36BP2
IRF4	0	0.538312824934833	0.29	0.024	0	8	IRF4
FKBP11	4.10105089994585e-293	0.505489751825055	0.326	0.035	7.38763309116245e-289	8	FKBP11
ELL2	3.96356915448834e-288	0.630008559249529	0.365	0.045	7.1399734748953e-284	8	ELL2
FAM46C	2.06058224443883e-264	0.531692688230452	0.332	0.04	3.71193285513211e-260	8	FAM46C
TPD52	8.39245074778884e-263	0.356524683462068	0.275	0.027	1.51181607770668e-258	8	TPD52
SEC11C	3.37796888113815e-252	1.08151712471645	0.496	0.103	6.08507314248226e-248	8	SEC11C
PIM2	2.01422658366995e-192	0.478600394832912	0.311	0.048	3.62842776782305e-188	8	PIM2
ITM2C	7.28583730249621e-192	0.556307952285426	0.496	0.122	1.31247073167167e-187	8	ITM2C
SEL1L3	2.94039818874543e-189	0.360945318791885	0.277	0.038	5.29683329720601e-185	8	SEL1L3
HERPUD1	8.84841990788289e-164	0.525907586534899	0.368	0.078	1.59395436220602e-159	8	HERPUD1
TP53INP1	2.46852950137513e-149	0.390180217711863	0.305	0.057	4.44680904377716e-145	8	TP53INP1
BIRC3	2.18284801307902e-148	1.40527829528225	0.344	0.076	3.93218241076055e-144	8	BIRC3
TXNDC11	1.73868763062928e-143	0.289645871601774	0.257	0.042	3.13207189781559e-139	8	TXNDC11
ZBTB38	3.89303062031218e-140	0.430985107835433	0.332	0.071	7.01290535943036e-136	8	ZBTB38
FBXW7	4.83200074506005e-138	0.631210170828225	0.417	0.115	8.70436614215117e-134	8	FBXW7
PRDX4	2.43120826151737e-129	0.560766243032964	0.357	0.089	4.37957856229738e-125	8	PRDX4
FKBP2	3.25447557142858e-129	0.419400420794592	0.336	0.079	5.86261229437145e-125	8	FKBP2
PLPP5	5.36145388605598e-122	0.354573881748595	0.294	0.063	9.65812303034125e-118	8	PLPP5
CD59	1.17427470558473e-118	0.337954672048548	0.287	0.061	2.11533845464034e-114	8	CD59
SSR4	7.05134731449784e-108	1.34792099508945	0.655	0.384	1.27022970523364e-103	8	SSR4
UBE2J1	2.21287063316739e-105	0.708632511497398	0.556	0.245	3.98626515858774e-101	8	UBE2J1
SPCS2	9.76978921690076e-103	0.630512809326706	0.477	0.186	1.7599298295325e-98	8	SPCS2
SELENOS	6.65438197899739e-91	0.409509236781309	0.378	0.124	1.19872036969659e-86	8	SELENOS
ERLEC1	5.95711696534628e-87	0.443778514634063	0.371	0.123	1.07311505013748e-82	8	ERLEC1
MEF2C	5.73895319302676e-85	0.415732199228897	0.535	0.227	1.03381502819184e-80	8	MEF2C
DNAJC1	2.99042522201968e-82	0.484152541305436	0.417	0.158	5.38695199494625e-78	8	DNAJC1
B2M1	1.96225458245179e-81	0.846125084787057	0.999	0.988	3.53480540482866e-77	8	B2M
SSR3	6.07973532643279e-81	0.608305188751949	0.513	0.245	1.0952035217036e-76	8	SSR3
COMMD3	6.34213093578532e-78	0.897334572966477	0.39	0.153	1.14247146677237e-73	8	COMMD3
XBP1	1.84424005304182e-75	0.579917655505914	0.546	0.273	3.32221403154953e-71	8	XBP1
RNA18S	4.24178437608428e-74	0.736570033396013	1	1	7.64115037507822e-70	8	RNA18S
SPCS1	8.6672612994149e-74	0.418804886028876	0.474	0.209	1.5613204504766e-69	8	SPCS1
CCDC50	6.02576338344135e-70	0.334496530819236	0.269	0.078	1.08548101589313e-65	8	CCDC50
ARID5B	2.61508038924199e-66	0.278447457210781	0.26	0.077	4.71080581318052e-62	8	ARID5B
LMAN1	5.49441644892258e-64	0.396272029749339	0.375	0.151	9.89764179108914e-60	8	LMAN1
SEL1L	1.33780084719492e-62	0.430095145669968	0.318	0.116	2.40991444613693e-58	8	SEL1L
RABAC1	2.1042486421061e-62	0.259954287287038	0.275	0.088	3.79059350388994e-58	8	RABAC1
HSP90B11	2.88973576914925e-61	1.25438656368952	0.719	0.582	5.20557001454545e-57	8	HSP90B1
PDIA4	1.12961054921415e-57	0.355955943748846	0.336	0.132	2.03488044335438e-53	8	PDIA4
HDLBP	1.13470761982684e-56	0.457050246645548	0.422	0.201	2.04406230635607e-52	8	HDLBP
METTL7A	8.75390759870633e-56	0.288088452701637	0.383	0.159	1.57692891483096e-51	8	METTL7A
SELENOK	2.27651202850426e-54	0.529529782513082	0.407	0.199	4.10090876814758e-50	8	SELENOK
SEC62	1.31882923249462e-53	0.545816196645139	0.508	0.295	2.37573897941581e-49	8	SEC62
NCOA3	5.98126057665359e-52	0.287892989551081	0.303	0.115	1.07746428027838e-47	8	NCOA3
CDV3	1.94681846198485e-51	0.484129253677655	0.477	0.259	3.50699877741951e-47	8	CDV3
RRBP1	1.16465084119134e-48	0.2676081909192	0.288	0.111	2.09800202532208e-44	8	RRBP1
MIA3	1.4885958506829e-48	0.282231130547534	0.33	0.136	2.68155656542017e-44	8	MIA3
HSP90B2P	2.04438736644211e-48	0.481722820931781	0.312	0.129	3.68275940190881e-44	8	HSP90B2P
TCF4	5.49825565894312e-47	0.3584608814766	0.277	0.106	9.90455774402014e-43	8	TCF4
MAN1A11	7.25758420548296e-47	0.286696429791654	0.36	0.157	1.3073812187757e-42	8	MAN1A1
CREB3L2	1.00306078744274e-46	0.251563236213322	0.269	0.1	1.80691370249935e-42	8	CREB3L2
TMEM59	3.95551715148265e-46	0.38318143556903	0.471	0.26	7.12546859668084e-42	8	TMEM59
SEC61B	3.08932705447517e-44	0.367431956252724	0.451	0.242	5.56511375593158e-40	8	SEC61B
TMEM258	4.48310050762769e-44	0.377574539996299	0.435	0.235	8.07585725444052e-40	8	TMEM258
CCPG1	5.18426642340778e-43	0.295969529303799	0.338	0.151	9.33893753512678e-39	8	CCPG1
SPCS3	1.06641964132649e-42	0.610145894253285	0.559	0.392	1.92104834188554e-38	8	SPCS3
ZBTB20	2.44267189730023e-42	0.27281963477078	0.312	0.131	4.40022915579663e-38	8	ZBTB20
IFNAR1	1.78927445637558e-40	0.316564004850199	0.35	0.166	3.22319900571497e-36	8	IFNAR1
MALAT12	4.10042416718538e-39	0.665792031046146	0.994	0.989	7.38650409476774e-35	8	MALAT1
TRAM1	7.60036797694652e-38	0.418319962180186	0.513	0.314	1.36913028736715e-33	8	TRAM1
MYDGF	1.01960671619441e-35	0.284585604955714	0.333	0.165	1.8367195385526e-31	8	MYDGF
GOLGB1	4.84796666702548e-35	0.309185512861675	0.472	0.274	8.7331271539797e-31	8	GOLGB1
CFLAR	9.61913318292716e-35	0.324522597761626	0.411	0.225	1.7327906515725e-30	8	CFLAR
YPEL51	2.81642784525154e-34	0.324879912898979	0.432	0.236	5.07351312043612e-30	8	YPEL5
SERP1	4.80222862089071e-31	0.282902305861161	0.468	0.285	8.65073463767253e-27	8	SERP1
PPIB	1.00519825818798e-28	0.26320628174837	0.359	0.197	1.81076414229983e-24	8	PPIB
B4GALT1	1.06169056280472e-28	0.27582528637749	0.294	0.147	1.91252937983642e-24	8	B4GALT1
FAM30A1	1.11867958576677e-28	0.255284739096219	0.271	0.128	2.01518940580025e-24	8	FAM30A
RNA28S2	2.5087826745533e-28	0.334492537700224	1	1	4.51932110994031e-24	8	RNA28S
DNAJC3	6.62644384217525e-27	0.259490746717713	0.332	0.179	1.19368759372945e-22	8	DNAJC3
SUB1	1.39430952068453e-26	0.389174516169187	0.581	0.447	2.51170917056112e-22	8	SUB1
TMBIM6	5.02156490649421e-26	0.291917041461398	0.54	0.38	9.04584702255868e-22	8	TMBIM6
MAN1A21	2.33749046256961e-25	0.26194933788502	0.472	0.301	4.21075531927289e-21	8	MAN1A2
MTDH	3.83519109957047e-23	0.414483402323615	0.538	0.414	6.90871324676624e-19	8	MTDH
ANKRD28	2.59833706174356e-21	0.598049766654541	0.447	0.316	4.68064438302486e-17	8	ANKRD28
UBC1	5.10785397756771e-20	0.352950851681815	0.743	0.622	9.20128815519047e-16	8	UBC
NEAT11	5.2453262859596e-19	0.272072612353026	0.601	0.453	9.44893077152762e-15	8	NEAT1
JUN1	2.72755325403576e-16	0.28864620165261	0.369	0.234	4.91341443182001e-12	8	JUN
FNBP1	3.48671884501384e-13	0.371917155201861	0.422	0.309	6.28097532740793e-09	8	FNBP1
NFKBIA1	0.000122541068949707	0.263039927702443	0.404	0.349	1	8	NFKBIA
AREG	0	2.13562939353957	0.974	0.172	0	9	AREG
SPINK22	4.36963392018394e-173	0.641077648850158	0.72	0.189	7.87145854381936e-169	9	SPINK2
MSI2	1.45177908169196e-151	0.58647094881726	0.584	0.15	2.6152348377599e-147	9	MSI2
RPS62	3.60617039599777e-121	0.512964283809337	1	0.999	6.49615535135037e-117	9	RPS6
EREG	1.74767637550479e-110	0.557820903882806	0.423	0.101	3.14826422283433e-106	9	EREG
NRIP1	3.9587440314538e-98	0.569432141184254	0.492	0.15	7.13128149826088e-94	9	NRIP1
RPL52	2.30048811199415e-94	0.492138888498077	1	0.983	4.14409928494626e-90	9	RPL5
MAP3K8	3.70113843170398e-88	0.3935567495919	0.445	0.13	6.66723077087156e-84	9	MAP3K8
TSC22D1	5.93364966920236e-88	0.352469896505678	0.325	0.075	1.06888765141011e-83	9	TSC22D1
SELL	1.87022180074351e-84	0.465224250580303	0.629	0.241	3.36901755185937e-80	9	SELL
RPS232	6.10967381821873e-82	0.410225457538445	1	0.985	1.10059664161392e-77	9	RPS23
PDE4B	2.78487477593369e-79	0.322840774927826	0.414	0.119	5.01667342136695e-75	9	PDE4B
RPL211	4.87236477239611e-75	0.366642652514048	0.996	0.991	8.77707790099435e-71	9	RPL21
RPL312	1.06706903734761e-74	0.393610999092085	1	0.993	1.92221816387799e-70	9	RPL31
NPR3	6.66593247359428e-74	0.338575074601335	0.349	0.094	1.20080107579327e-69	9	NPR3
NPM12	4.18172904536704e-72	0.505336381577438	0.948	0.742	7.53296670232418e-68	9	NPM1
CDK64	4.65765993630906e-71	0.6660523266025	0.77	0.422	8.39030860926715e-67	9	CDK6
RPL34	1.49522966502577e-69	0.410491676140088	1	0.991	2.69350671857743e-65	9	RPL34
EEF1A12	2.44965453049478e-68	0.330572124819877	1	0.999	4.4128076712333e-64	9	EEF1A1
RPL122	1.83141329018044e-67	0.405920243612464	0.996	0.975	3.29910790093104e-63	9	RPL12
RPS14P31	2.02706575099238e-67	0.455346668634921	0.935	0.757	3.65155624383767e-63	9	RPS14P3
RPL36A1	4.53525745697483e-65	0.379306335231325	1	0.973	8.16981278299446e-61	9	RPL36A
RPS242	1.00847005416869e-63	0.351118978424004	1	0.983	1.81665795557948e-59	9	RPS24
RPS291	4.29988683410336e-62	0.328366447662379	1	0.99	7.7458161429538e-58	9	RPS29
RPL23	3.62224133182023e-61	0.396258104573894	0.998	0.966	6.52510553514096e-57	9	RPL23
HSP90AB12	3.11494626305868e-59	0.445935104159016	0.941	0.692	5.61126419827391e-55	9	HSP90AB1
RPS3A2	1.80528547817276e-55	0.308153685779857	1	0.997	3.25204126038041e-51	9	RPS3A
RPLP0P22	3.2688663953165e-55	0.408470247840459	0.872	0.607	5.88853592452314e-51	9	RPLP0P2
HINT11	1.45932812529718e-53	0.408231969308759	0.913	0.653	2.62883368491034e-49	9	HINT1
RPL321	2.57614555515137e-53	0.319635750328114	1	0.979	4.64066860304967e-49	9	RPL32
RPL35A1	1.7560207151153e-51	0.343632466532453	0.996	0.979	3.1632957162087e-47	9	RPL35A
RPS121	2.12182015290299e-51	0.313636407944935	1	0.992	3.82224682343945e-47	9	RPS12
RPL41	4.32547487086246e-51	0.313953088722686	0.996	0.986	7.79191043237163e-47	9	RPL41
RPL72	1.12570731089116e-50	0.333517854994396	0.998	0.948	2.02784914983933e-46	9	RPL7
RPS251	5.4275764512548e-50	0.283539845205879	0.996	0.99	9.7772362192904e-46	9	RPS25
PCNP1	7.90042197122867e-50	0.360755130026149	0.991	0.924	1.42318201389713e-45	9	PCNP
RPS27A1	8.4098843656298e-50	0.293328429693096	1	0.991	1.51495656962455e-45	9	RPS27A
SNHG8	2.55183256530548e-48	0.358347676541573	0.718	0.406	4.59687118314129e-44	9	SNHG8
NAP1L11	2.65561870549894e-48	0.427576105144746	0.876	0.655	4.7838315360858e-44	9	NAP1L1
RPL13A2	5.4994994680094e-48	0.264420509763936	1	0.997	9.90679834167213e-44	9	RPL13A
RPS172	1.19189847671983e-47	0.320034463087601	0.989	0.951	2.1470859159631e-43	9	RPS17
LRRC75A-AS12	2.3866722455658e-47	0.413385587447319	0.902	0.641	4.29935138316223e-43	9	LRRC75A-AS1
HNRNPA13	8.03594034617728e-46	0.387427433502028	0.924	0.738	1.44759429396037e-41	9	HNRNPA1
RPL11	2.4988973868392e-45	0.292372899232837	1	0.992	4.50151375265213e-41	9	RPL11
RPS182	4.12307737120849e-45	0.297723852575066	1	0.991	7.42731157649497e-41	9	RPS18
SNHG6	1.56646286617069e-44	0.361725915827989	0.774	0.488	2.82182620711988e-40	9	SNHG6
EEF21	3.25777998328517e-44	0.383733566382087	0.931	0.773	5.8685648618899e-40	9	EEF2
RPL392	3.59156918772668e-43	0.285246533000024	0.998	0.983	6.46985273477084e-39	9	RPL39
GYPC2	5.33546585983477e-43	0.310965658352127	0.388	0.159	9.61130819990635e-39	9	GYPC
RPL221	5.81955624413101e-43	0.317152764414603	0.976	0.908	1.04833486181776e-38	9	RPL22
HIST1H1D2	7.89649439338102e-43	0.456711331598377	0.627	0.342	1.42247450002366e-38	9	HIST1H1D
EEF1G1	8.8898444554642e-42	0.334453903886527	0.972	0.865	1.60141658020732e-37	9	EEF1G
RPL262	1.63190652134072e-41	0.281388458742136	1	0.985	2.93971640754318e-37	9	RPL26
RPL21P28	1.09176361994365e-40	0.305542237935091	0.666	0.376	1.96670298496649e-36	9	RPL21P28
RPL141	1.3089549557121e-40	0.301235887117412	0.991	0.966	2.35795145721978e-36	9	RPL14
NUCB22	2.69674137366601e-40	0.400688674314751	0.685	0.418	4.85790991052196e-36	9	NUCB2
RPL37	5.51336533289362e-40	0.295237651498969	0.989	0.952	9.93177631067456e-36	9	RPL37
RPL241	2.47990938476611e-39	0.28628840182442	0.985	0.937	4.46730876571768e-35	9	RPL24
CLEC2D1	5.60471594868551e-39	0.281796231005	0.636	0.351	1.00963353099621e-34	9	CLEC2D
RPL13AP20	2.04674634909799e-36	0.29645740184799	0.664	0.389	3.68700887326512e-32	9	RPL13AP20
DNAJB6	9.85939455935789e-36	0.286476510076666	0.451	0.216	1.77607133592273e-31	9	DNAJB6
RPS142	1.69058225432672e-35	0.258835420642045	0.996	0.99	3.04541487294415e-31	9	RPS14
NCL1	5.89919792693716e-35	0.36422571449147	0.829	0.641	1.06268151455846e-30	9	NCL
EIF3E	4.03597235927633e-34	0.309974808940863	0.792	0.54	7.27040060800038e-30	9	EIF3E
RPL351	2.6976046200584e-33	0.253270038117956	0.998	0.96	4.8594649625732e-29	9	RPL35
GAS52	9.53614647405138e-33	0.334813250447015	0.803	0.547	1.71784142583562e-28	9	GAS5
RACK11	4.45418858849688e-32	0.286261455280081	0.961	0.883	8.02377532331829e-28	9	RACK1
ZFAS11	1.74847451101975e-31	0.323724314737365	0.805	0.558	3.14970198415098e-27	9	ZFAS1
LDHB1	1.88312797554647e-31	0.289973554218484	0.685	0.429	3.3922667351494e-27	9	LDHB
RPL10A2	4.19743905386031e-31	0.257410466202901	0.993	0.903	7.56126671162396e-27	9	RPL10A
RPL36	5.40808302981068e-31	0.2946328085579	0.879	0.7	9.74212076990095e-27	9	RPL36
NACA	1.40466795910277e-30	0.318053419352591	0.909	0.761	2.53036886152774e-26	9	NACA
RPS4X1	2.21260272022107e-30	0.288494107352893	0.985	0.91	3.98578254020624e-26	9	RPS4X
HSPD12	2.34697247155855e-30	0.29182601560661	0.714	0.455	4.22783621026557e-26	9	HSPD1
RPS26	7.25356687513146e-30	0.289627451328388	0.722	0.487	1.30665753688618e-25	9	RPS26
BTF31	2.59549032927818e-29	0.288310046593317	0.889	0.705	4.67551627916171e-25	9	BTF3
HMGB12	9.94524527918137e-29	0.282604287052061	0.922	0.761	1.79153648459173e-24	9	HMGB1
RSL1D1	3.95380125267848e-25	0.259798302079527	0.685	0.453	7.12237757657501e-21	9	RSL1D1
SNHG51	7.17775261818912e-25	0.299563076154744	0.818	0.632	1.29300035664059e-20	9	SNHG5
EIF4B	2.44295349461835e-23	0.262575820123987	0.772	0.561	4.4007364252055e-19	9	EIF4B
MS4A1	0	1.70190442584948	0.9	0.017	0	10	MS4A1
BANK1	0	0.837500354396527	0.535	0.028	0	10	BANK1
CD79A	0	0.383624705799858	0.306	0.01	0	10	CD79A
RALGPS2	2.00320610176572e-207	0.749527400497524	0.471	0.061	3.60857547172077e-203	10	RALGPS2
LINC00926	6.06222932556337e-187	0.374266344123827	0.276	0.022	1.09204999070699e-182	10	LINC00926
BIRC31	7.72844382343766e-186	0.818601823298587	0.506	0.077	1.39220187035406e-181	10	BIRC3
LTB1	6.133564634096e-151	0.601471813731992	0.459	0.074	1.10490033318605e-146	10	LTB
IGLL51	3.04738446206176e-113	0.25091904179983	0.259	0.032	5.48955836995806e-109	10	IGLL5
IKZF31	1.12871844065603e-103	0.43020760948011	0.312	0.049	2.03327339899777e-99	10	IKZF3
CD79B	6.45850328255702e-103	0.389786302178786	0.271	0.038	1.16343478131982e-98	10	CD79B
CD741	2.14919586498728e-73	0.714458828382079	0.894	0.544	3.87156143118808e-69	10	CD74
RPS272	1.13661847036459e-71	0.523350089348983	1	0.994	2.04750451251478e-67	10	RPS27
CD522	5.12908958324515e-66	0.71227305684643	0.821	0.43	9.23954197525781e-62	10	CD52
EZR	1.32600340408745e-59	0.648051218134992	0.571	0.241	2.38866253212313e-55	10	EZR
ETS12	5.20931717016752e-52	0.401792962964643	0.415	0.13	9.38406395033976e-48	10	ETS1
HLA-DRA1	8.67378706916417e-52	0.520894848701617	0.874	0.57	1.56249600263923e-47	10	HLA-DRA
CCDC501	2.06171125914674e-49	0.366748971993787	0.3	0.081	3.71396666222694e-45	10	CCDC50
CD37	6.27810002492012e-46	0.360605662390342	0.344	0.109	1.13093693848911e-41	10	CD37
SWAP70	7.8329751970381e-38	0.329242268202335	0.303	0.099	1.41103215199444e-33	10	SWAP70
ZFP36L11	1.23342054367618e-33	0.34189606223274	0.291	0.097	2.22188376737828e-29	10	ZFP36L1
TXNIP3	8.16142085583679e-33	0.540426001556416	0.829	0.616	1.47019835297044e-28	10	TXNIP
RPLP22	9.65466889099252e-33	0.356498673380517	0.988	0.946	1.73919205402339e-28	10	RPLP2
PPM1K	1.12751363233766e-31	0.279828180619605	0.256	0.083	2.03110305729307e-27	10	PPM1K
CD691	2.88960934127411e-31	0.544231911864416	0.376	0.161	5.20534226737118e-27	10	CD69
RPL23A	3.4517012659385e-30	0.348451902659439	0.982	0.916	6.21789466046162e-26	10	RPL23A
MTRNR2	1.32627312389813e-28	0.398898425764321	1	1	2.38914840539009e-24	10	MTRNR2
CD482	7.78293274756759e-25	0.290801484894906	0.335	0.143	1.40201750514683e-20	10	CD48
HLA-DPB11	1.45721279900895e-24	0.320114820175069	0.503	0.274	2.62502313613473e-20	10	HLA-DPB1
RPS292	4.85059523134015e-23	0.272945671697605	0.997	0.99	8.73786224973615e-19	10	RPS29
PTPRCAP1	1.42285551385754e-22	0.285163537954223	0.379	0.182	2.56313192266298e-18	10	PTPRCAP
RPL13AP51	1.62347948152627e-22	0.280140543378834	0.974	0.934	2.92453593802141e-18	10	RPL13AP5
KIAA15512	2.06883989535671e-21	0.350599418176826	0.374	0.184	3.72680818749557e-17	10	KIAA1551
RPS111	1.54501990158492e-20	0.281817833850906	1	0.974	2.78319885071507e-16	10	RPS11
BTG12	2.19690568832231e-20	0.41252385546994	0.488	0.298	3.9575059069438e-16	10	BTG1
FAU	2.21514741091081e-18	0.291743286121019	0.965	0.932	3.99036654601472e-14	10	FAU
PRDM2	3.20558991018949e-17	0.263657662638819	0.306	0.15	5.77454966421535e-13	10	PRDM2
PARP14	1.11742382929877e-15	0.34010295284661	0.332	0.183	2.0129272860988e-11	10	PARP14
B2M2	3.62588026404798e-15	0.28765257891647	0.997	0.988	6.53166070765603e-11	10	B2M
RIPOR21	2.88486734710494e-14	0.310546516661908	0.394	0.239	5.19680003907484e-10	10	RIPOR2
MEF2C1	1.66698638678221e-13	0.317668783293804	0.376	0.235	3.00290927714947e-09	10	MEF2C
SMCHD1	2.71890653743493e-13	0.35107589848685	0.45	0.308	4.89783823653529e-09	10	SMCHD1
CTSH2	3.6989786659758e-13	0.254041888173951	0.285	0.15	6.6633401688888e-09	10	CTSH
PTPRC3	3.80930727556413e-13	0.252099839406408	0.709	0.567	6.86208612620123e-09	10	PTPRC
SMAP2	1.86385428011199e-12	0.29330846324168	0.421	0.277	3.35754710019373e-08	10	SMAP2
YWHAZ2	2.48489219405994e-11	0.257681027986826	0.712	0.639	4.47628479837958e-07	10	YWHAZ
TSC22D3	1.24411287370824e-09	0.275551862562745	0.45	0.327	2.24114493069803e-05	10	TSC22D3
DDX51	1.62620683047136e-09	0.273571794520182	0.776	0.71	2.92944898441111e-05	10	DDX5
CXCL81	0	2.23864358829942	0.978	0.102	0	11	CXCL8
CXCL2	1.71252304172971e-99	0.643142555669342	0.306	0.03	3.08493900737189e-95	11	CXCL2
NFKBIA2	9.07819336243812e-33	0.702359994817865	0.683	0.347	1.6353457523096e-28	11	NFKBIA
CD692	1.46076834954105e-27	0.841313590033772	0.432	0.162	2.63142810486325e-23	11	CD69
PMAIP1	8.24368109753033e-23	0.419305778759119	0.388	0.142	1.48501671290911e-18	11	PMAIP1
H3F3B	8.43504062376696e-21	0.683234319318858	0.907	0.791	1.51948821796538e-16	11	H3F3B
JUN2	5.88640863764011e-18	0.633825520671053	0.486	0.236	1.06037765198449e-13	11	JUN
PPP1R15A1	3.37776269827003e-15	0.434115990455555	0.536	0.304	6.08470172466363e-11	11	PPP1R15A
PTGER4	2.95695402655794e-14	0.292723892836743	0.295	0.118	5.32665698344147e-10	11	PTGER4
SOX41	5.98114747661218e-14	0.556384931373348	0.454	0.246	1.07744390643692e-09	11	SOX4
NFKBIZ1	1.9163860802701e-13	0.298841425834537	0.372	0.174	3.45217788499856e-09	11	NFKBIZ
FOSB	2.86176887725298e-12	0.270201125259373	0.328	0.151	5.15519045548352e-08	11	FOSB
H1FX	6.51559225344272e-09	0.306115170463805	0.372	0.218	0.000117371878853517	11	H1FX
IER2	7.41633387460486e-09	0.299930599739274	0.383	0.222	0.000133597838417132	11	IER2
KLF6	9.81367954838996e-09	0.422120313035259	0.612	0.468	0.000176783623384697	11	KLF6
HSPA52	1.98962922487646e-08	0.597465015726997	0.623	0.483	0.000358411808569246	11	HSPA5
IRF2BP2	8.74721970868585e-08	0.317846337272609	0.536	0.379	0.00157572415832267	11	IRF2BP2
SERPINB12	8.87184974758438e-08	0.295026110422889	0.716	0.561	0.00159817501352985	11	SERPINB1
HIST1H1C2	1.64278284963143e-07	0.324422174556311	0.426	0.287	0.00295930902532605	11	HIST1H1C
PLIN21	2.41834210287533e-07	0.333552546678071	0.35	0.207	0.00435640146411962	11	PLIN2
CLEC2B	5.821531964614e-07	0.317888619676793	0.372	0.228	0.0104869076810557	11	CLEC2B
TXN1	1.68258209926155e-06	0.267328543924422	0.601	0.478	0.0303100339360976	11	TXN
ANXA11	2.41827621848836e-06	0.35494772112793	0.721	0.588	0.0435628277998494	11	ANXA1
HIST1H1E1	3.75034696072975e-06	0.264569923341892	0.47	0.32	0.0675587501505857	11	HIST1H1E
SAT12	4.88847834119186e-06	0.320936137467577	0.552	0.403	0.0880610488382302	11	SAT1
PLEK1	1.43870135122412e-05	0.493846044259044	0.492	0.377	0.259167661409513	11	PLEK
CCNL1	6.43058730364428e-05	0.259767371798847	0.475	0.352	1	11	CCNL1
MALAT13	0.000332257450826427	0.302322604284961	0.995	0.989	1	11	MALAT1
F13A1	1.67651387701439e-41	0.45253871676392	0.459	0.11	3.02007209805372e-37	12	F13A1
MS4A31	7.24321968462352e-38	0.340582827622325	0.322	0.062	1.30479359398808e-33	12	MS4A3
MPO1	1.54238497343738e-29	0.66087248423058	0.603	0.221	2.77845229115009e-25	12	MPO
LYZ1	5.74832439973393e-28	0.632567027094736	0.945	0.625	1.03550315736807e-23	12	LYZ
CTSG2	3.12683692719135e-27	0.394252760370278	0.486	0.154	5.63268404064249e-23	12	CTSG
RNASE22	2.93661616993413e-26	0.420697478818537	0.705	0.29	5.29002036851934e-22	12	RNASE2
IRF8	2.46664904787145e-24	0.257069801291592	0.37	0.106	4.44342159483562e-20	12	IRF8
PLAC81	4.88778334423831e-23	0.531116024908488	0.753	0.414	8.80485291631089e-19	12	PLAC8
FABP5	4.99584587342392e-22	0.409756792553352	0.582	0.251	8.99951675638585e-18	12	FABP5
SRGN2	2.88452972685848e-20	0.672047413201136	0.938	0.8	5.19619184996287e-16	12	SRGN
SAMHD12	1.0516749619017e-17	0.341820399637238	0.651	0.31	1.89448727636972e-13	12	SAMHD1
CSTA1	6.52463270925078e-17	0.365874514437608	0.671	0.34	1.17534733624443e-12	12	CSTA
CLEC11A1	1.74815139990716e-16	0.299697214277706	0.459	0.193	3.14911993179276e-12	12	CLEC11A
AREG1	1.03805567488956e-15	1.14083884129352	0.404	0.188	1.86995349274606e-11	12	AREG
EREG1	2.51395257642807e-14	0.432382755154173	0.301	0.107	4.52863417117752e-10	12	EREG
PTMA2	1.78189996654464e-11	0.266825293338476	0.945	0.965	3.20991459973352e-07	12	PTMA
YBX11	1.22534536644727e-10	0.293403439392111	0.918	0.899	2.20733714311811e-06	12	YBX1
TNFSF13B1	1.83218040544096e-10	0.27193644669255	0.493	0.258	3.30048978236134e-06	12	TNFSF13B
HSP90B12	3.07950075096262e-10	0.296291588145656	0.795	0.585	5.54741265278406e-06	12	HSP90B1
PA2G41	4.92017895980069e-10	0.27780757065442	0.589	0.358	8.86321037818496e-06	12	PA2G4
HMGN11	5.83363199737988e-10	0.276161241758413	0.658	0.443	1.05087046800801e-05	12	HMGN1
ATG3	6.93803085241542e-10	0.253719930447713	0.452	0.241	1.24981687775411e-05	12	ATG3
NCL2	1.58361982953695e-09	0.321042745689638	0.815	0.644	2.85273276092787e-05	12	NCL
SNHG52	3.82770989151263e-09	0.343372717441816	0.801	0.635	6.89523659857086e-05	12	SNHG5
H2AFZ2	2.27107448480829e-08	0.258529018323983	0.575	0.37	0.000409111357693365	12	H2AFZ
CAT1	4.89703897226816e-08	0.290446822462225	0.548	0.345	0.000882152600464386	12	CAT
HSPA53	6.31459937965087e-08	0.270623129023371	0.712	0.482	0.00113751193225031	12	HSPA5
PDIA3	1.35349852251853e-07	0.262197231315991	0.692	0.49	0.00243819223846488	12	PDIA3
EMB1	7.1905100181366e-07	0.270507777832633	0.678	0.501	0.0129529847466713	12	EMB
RBPJ	9.70131724362624e-07	0.855987637699408	0.384	0.222	0.0174759528826683	12	RBPJ
ZC3HAV1	5.98290761647724e-05	0.486919661983991	0.322	0.201	1	12	ZC3HAV1
KPNB1	0.000420497352633072	0.589363014602735	0.411	0.293	1	12	KPNB1
SRSF6	0.000495773787217976	0.931609939391	0.445	0.325	1	12	SRSF6
KIAA0825	0.000505477695679455	1.05361196671768	0.404	0.294	1	12	KIAA0825
STAG2	0.000556523487075502	0.856153932782086	0.486	0.352	1	12	STAG2
JUN3	1.24281241508041e-16	1.13368293540473	0.636	0.237	2.23880228452585e-12	13	JUN
KLF61	6.79413155070023e-13	0.889639002007247	0.773	0.469	1.22389485754314e-08	13	KLF6
FOS1	1.84436527617711e-11	0.761200553114852	0.712	0.4	3.32243960850545e-07	13	FOS
FOSB1	2.50593141418973e-11	0.491174607284011	0.424	0.151	4.51418484952138e-07	13	FOSB
CD693	9.94270365577606e-11	0.600126076220988	0.439	0.163	1.7910786365515e-06	13	CD69
DUSP61	4.50202350823402e-10	0.721074839215639	0.53	0.26	8.10994514773276e-06	13	DUSP6
TFPI	8.70594052224627e-10	0.316547395835913	0.288	0.083	1.56828812567744e-05	13	TFPI
TUBA1A	6.44894861001417e-09	0.594580378960601	0.455	0.199	0.000116171360260795	13	TUBA1A
CD99	2.42669655031502e-08	0.529501629609315	0.591	0.338	0.000437145116573747	13	CD99
RHOB	3.70268575599209e-08	0.300442368622962	0.288	0.093	0.000667001812084414	13	RHOB
DUSP11	8.41597113987358e-07	0.537195044993861	0.455	0.232	0.0151605304113683	13	DUSP1
PMAIP11	4.99021030606529e-06	0.587826024777133	0.318	0.144	0.0898936484534602	13	PMAIP1
TSC22D31	9.11513010467703e-06	0.37387016151555	0.545	0.329	0.164199953705652	13	TSC22D3
EGR1	1.31787455429271e-05	0.583652498904477	0.273	0.113	0.237401922210289	13	EGR1
GLIPR1	1.45019127980311e-05	0.426237067670496	0.47	0.264	0.261237457143733	13	GLIPR1
MT-ND3	7.0655909870822e-05	0.409673427763269	0.697	0.556	1	13	MT-ND3
IER21	7.45947765665482e-05	0.316712882563239	0.409	0.223	1	13	IER2
UBC2	0.000110710179575506	0.345861189063528	0.773	0.625	1	13	UBC
H3F3B1	0.000125697329872628	0.449202394461587	0.864	0.792	1	13	H3F3B
ZFP361	0.000182639155544026	0.279162954537447	0.424	0.239	1	13	ZFP36
KMT2A	0.000191762914716509	0.340791316993529	0.455	0.272	1	13	KMT2A
MALAT14	0.000227665420457148	0.288008914687934	1	0.989	1	13	MALAT1
DDX17	0.000231210996833536	0.389586123738975	0.667	0.505	1	13	DDX17
TAGLN2	0.000289000849648579	0.331650918120228	0.561	0.392	1	13	TAGLN2
TPM41	0.000312501797631967	0.367074297282197	0.591	0.411	1	13	TPM4
ACTG1	0.000341148439376795	0.314152022474938	0.712	0.615	1	13	ACTG1
RBM39	0.000457484456136833	0.253120741182911	0.712	0.554	1	13	RBM39
CD361	0.000788659977672289	0.647870664365281	0.379	0.25	1	13	CD36
HLA-B1	0.000910276172636011	0.282078082123211	0.848	0.777	1	13	HLA-B
PPP1R15A2	0.00102145824488797	0.367786155521275	0.439	0.306	1	13	PPP1R15A
MT-ND1	0.00125182199877431	0.3531382484577	0.712	0.644	1	13	MT-ND1
MT-COX2	0.00160668890777777	0.279125504459734	0.924	0.899	1	13	MT-COX2
JAML1	0.0024035853812446	0.255273153533131	0.258	0.138	1	13	JAML
JUNB	0.00283870794008381	0.325506554583801	0.409	0.259	1	13	JUNB
FLT31	0.00291745306495956	0.326567631979807	0.439	0.308	1	13	FLT3
MT-CYTB	0.00407133819363292	0.313164149650779	0.773	0.706	1	13	MT-CYTB
MT-ND2	0.00447656420379315	0.27849828518831	0.97	0.922	1	13	MT-ND2
HLA-A1	0.0076807976624447	0.254933776435973	0.667	0.569	1	13	HLA-A
