Tag	p.value	HR	Low 95%CI	High 95%CI
S100A9	0.0352151046018205	1.26845047478021	1.01661293191973	1.58267375561694
S100A8	0.0463281505735339	1.25335268929129	1.00368213779295	1.56512993965205
SAT1	0.009596278128883	1.33738821966344	1.07328430353058	1.66648039499962
KLF6	0.697520782643178	0.956052924154107	0.762179244361537	1.19924178012653
AHNAK	0.199209978061626	1.15555154842153	0.926680323368969	1.44094931918363
CTSS	0.115203839943582	1.17747852130041	0.960882610830094	1.44289807360138
PSAP	0.183935159566896	1.16171197398763	0.931267338988892	1.44918076045866
LGALS3	0.262578741621262	1.13541334975951	0.909208690697299	1.41789612000234
HSP90AB1	0.262326212807968	1.13807226889416	0.9077248346144	1.42687347512764
FCN1	0.229256124792693	1.14561941469949	0.917893284493626	1.42984360546927
NPM1	0.44860342071677	0.921531868748773	0.745957011921272	1.13843153365148
RPSA	0.507021728859932	1.07575340715177	0.867024839652384	1.33473153256211
FTL	0.0830944326506738	1.22436188397353	0.973839102475736	1.53933233849025
RPL3	0.316400547570803	1.11678519852961	0.899761659060544	1.38615506350543
RPS21	0.267089671968136	1.1349772719749	0.907561563156631	1.41937854157149
RPS17	0.504041113030543	1.0784823825989	0.864087803005438	1.34607182919453
RPL35	0.116657801640537	1.20280991728364	0.95502288820613	1.51488693620044
RPL5	0.773289063609355	1.0310899957601	0.837204080684352	1.26987744551786
RPS23	0.870302246097646	1.01940462123198	0.809381404461676	1.28392594154085
RPS24	0.832197574387802	0.975613113495541	0.776414795241564	1.22591809565958
RPS6	0.577669743072465	1.06230534619387	0.858714707286266	1.31416480814493
IFI30	0.0118720599789091	1.31345578292388	1.06210401322994	1.6242910978651
HNRNPA1	0.745251457285675	0.965072412782125	0.77878806551442	1.19591555540583
HSPD1	0.67609580365239	1.04674939183272	0.844805504585399	1.29696632343782
MALAT1	0.0859767993100908	0.827093861723666	0.665953496846933	1.02722526323516
MIF	0.644576267415365	0.946568748645395	0.74960078455921	1.19529276698794
RPL13	0.19577927918027	1.16305556330334	0.925151932995992	1.46213632062607
JUN	0.384113320542566	0.908046429719809	0.730751408807952	1.12835679628993
STMN1	0.0839089058249439	0.828166265820982	0.668755060688392	1.025576334537
FCER1G	0.0767586029513699	1.23063326599219	0.977949341332057	1.54860601808245
MNDA	0.398770140266456	0.911344535972236	0.734575120738328	1.13065204605849
UBC	0.0106946847751193	1.3571705167589	1.07347138432253	1.71584621486863
SRGN	0.767028847644055	1.03258218801292	0.835227350267102	1.27656975631913
PTMA	0.926472293914489	1.00997305376663	0.818044569585042	1.24693153314632
LMNA	0.00887382543473089	1.34024330854453	1.07628389162396	1.66893896682602
CRIP1	0.000640252561247407	1.49606677797265	1.18716537826592	1.88534457383081
RPS29	0.216435730985143	1.14488476378779	0.923817138190079	1.41885343772841
NA	NA	NA	NA	NA
RPS19	0.174440905694803	1.16659905929201	0.93398649052	1.45714459358324
CXCL8	0.290684207357918	1.12652813337175	0.903158469884569	1.40514170834298
CD68	0.17532301826677	1.1648213870672	0.934196685590254	1.45238030138364
RPS4X	0.316197668195445	1.12393241688792	0.894375021923393	1.41240983565809
NA.1	NA	NA	NA	NA
TYROBP	0.194512934451073	1.16025219704536	0.926893352237754	1.4523625155996
PPP1R15A	0.49421529771191	0.922630109393769	0.732420487801316	1.16223717514423
RPS25	0.786228726994223	1.02956293902175	0.83409214648279	1.27084261598305
PAICS	0.840503666551715	1.02304489074307	0.819465036453313	1.27720012681118
BTG1	0.808719191235698	0.972502117776868	0.775975030713718	1.21880257952451
ANXA2	0.181010812322122	1.15727192657445	0.934303401507648	1.43345117857453
DUSP1	0.867054955375882	1.02007287009374	0.808304720323277	1.28732226119516
MAFB	0.0203034445071441	1.30070242961485	1.04171237977712	1.62408246580304
NCF2	0.00674607047326924	1.363620207996	1.08954994634209	1.70663132782279
NCL	0.497229800670591	1.08079132748485	0.8636219377897	1.35257089063307
NA.2	NA	NA	NA	NA
DUT	0.255499122158644	1.13204940135358	0.914154767440509	1.40188061447527
TNFAIP2	0.00284981269109394	1.42567689544904	1.12937715429012	1.7997128793479
FOS	0.520196893778512	0.930132733525254	0.745883896676269	1.15989486544801
RPL41	0.306111112731891	1.11366007087389	0.906182671318326	1.36864099558925
PA2G4	0.100839705065687	1.1989077167399	0.965327316363335	1.48900760280306
LAPTM5	0.00787149323269442	1.39161119578855	1.09061543697931	1.77567789211549
MARCKS	0.0669036102711164	1.22702309370297	0.985848882390439	1.52719721995295
NASP	0.964526295306927	1.00503526343551	0.805475668022399	1.25403649154155
LDHB	0.810212102281842	1.02589192925935	0.832717407494444	1.26387924768643
RPL22	0.673274510268414	0.956058941711363	0.775841365849113	1.1781386508386
C1QBP	0.162990098361464	1.16427291399327	0.940273094067362	1.44163586814413
PPIA	0.403827538982018	1.10355778618593	0.875629399266695	1.39081646695677
JUNB	0.201753192415446	1.16906266004903	0.919780489214174	1.48590616907798
NA.3	NA	NA	NA	NA
BCL2A1	0.00228697633446598	1.39169464829887	1.12539949833483	1.72100129506853
HLA-B	0.163725624225718	1.18534553857495	0.933078762152871	1.50581505314482
EVI2B	0.771451912714876	1.03387595991556	0.825741061271266	1.29447298992942
IQGAP1	0.579361508297585	1.0659467850727	0.850487366474491	1.33598991989366
TUBB	0.190497128235401	1.16266716766147	0.927806345086061	1.45697962717914
SERBP1	0.710812381622237	1.0417571701937	0.839166333216469	1.2932573182366
NA.4	NA	NA	NA	NA
RPL36A	0.179570295497358	1.1713373390149	0.929777969945942	1.47565462521152
NA.5	NA	NA	NA	NA
SERPINA1	0.488726218026725	1.08096484041588	0.867147473128502	1.34750434317667
HMGB1	0.717610627068379	0.96187830387603	0.77918500770651	1.18740717841933
NME1	0.0240471248334816	1.29183502517495	1.03421027954745	1.61363483352633
NAMPT	0.498487207582513	1.07547336681369	0.871162254684722	1.32770096099281
RANBP1	0.0466333816365648	1.25551545650694	1.00339683302574	1.57098269562448
RAN	0.193892195878408	1.16224758323277	0.926372877493052	1.45818112506272
ITGB2	0.000601396640034711	1.49055042532577	1.18664729149779	1.87228385920346
NAP1L1	0.84168949076252	0.977716460947127	0.783741977101341	1.21969921981526
CTSB	0.145978656403921	1.18261330173174	0.943287856203441	1.48265899135163
PEBP1	0.101330904612493	1.2235911984213	0.961174264697023	1.55765242146386
TPM3	0.016701068321892	1.34688262008214	1.05539086608532	1.71888240705381
AIF1	0.00265681975375832	1.44520213216345	1.1366157356125	1.83756843880421
VMP1	0.848296114772962	0.978886837519504	0.786644830070699	1.21810937292096
RPL36	0.280289335708473	1.13200988092267	0.90384494714373	1.41777234530778
CST3	0.791431064115999	1.03087459478099	0.822871756492883	1.29145571199837
ANXA5	0.0307169492259527	1.28320765090474	1.02343923048836	1.60891025699176
S100A12	0.0630515736770759	1.22983946783897	0.988806849797727	1.52962645532224
KLF4	0.144376873127627	1.18379586104088	0.943812507317144	1.4847998196178
RPL18	0.475633047688994	1.08505236963672	0.867056346850837	1.35785713250399
LST1	0.000599730316810744	1.58335296848668	1.21784807617108	2.05855448792727
MS4A7	0.205823552848386	1.15025062291558	0.926001807894383	1.42880552093757
NA.6	NA	NA	NA	NA
NA.7	NA	NA	NA	NA
MCM4	0.139763622773655	1.21358257506564	0.938610464293322	1.56910957477106
SNRPD2	0.162480900839065	1.17539702968776	0.936917144884456	1.47457881942078
RPL23	0.65460260721013	1.05173726250117	0.843201498263735	1.31184689734444
NFKBIZ	0.405622036905546	0.910655324299505	0.730398390759499	1.13539833899785
NOP56	0.407527203880585	1.10106465250433	0.876733640032315	1.38279554204147
NUCB2	0.000669672589914005	0.68488932431319	0.550693034374388	0.851787397476467
TXNIP	0.141698137469821	1.19062512944439	0.943428300400602	1.50259240502168
BCL6	0.173601857106165	1.16355745130956	0.935465853717089	1.44726388153923
NME2	0.54427730494113	0.933313648967713	0.746700067586567	1.16656527186994
CTSH	0.271735074822267	1.13509330858454	0.905512933332073	1.42288063678147
PLBD1	0.604998428432157	1.05727238605222	0.856118054651639	1.30569013494687
RGS2	0.281939898528483	1.13175384139288	0.903313873898343	1.41796422541351
HSPE1	0.355248020897333	1.10381659888177	0.895262066501894	1.36095466294879
PLIN2	0.493416845428904	0.920409872608213	0.725946936537506	1.16696454101077
CDCA7L	0.0859293108954704	0.832747192631347	0.675760804747431	1.02620318012462
SNRPE	0.808772647258516	1.02677445439488	0.828976128973561	1.2717685628696
SNRPD1	0.838970883009347	0.97757311992489	0.785486305892746	1.2166338198774
PRTN3	0.475908597824092	0.926772304158166	0.751921325566823	1.14228294177873
NUCKS1	0.658146869653855	1.05177978539975	0.841022048337985	1.31535281288009
NA.8	NA	NA	NA	NA
COTL1	0.0041986895113106	1.37598942565854	1.10590024769609	1.71204130161695
PCNA	0.0667444025801058	1.26005492399994	0.98416828210023	1.61327939578406
CCT2	0.662465090340833	0.954881717968791	0.776107876181905	1.17483551358435
FABP5	0.0301689566389426	1.28828118433849	1.02459012200918	1.61983643436465
SCPEP1	0.202054564280784	1.15905884833069	0.923881840021633	1.4541008987277
ARL4A	0.965651850264466	0.99511667080004	0.796361171123405	1.24347748786801
MCM3	0.0576001315522845	1.2838332318878	0.991974560819579	1.66156253637966
NA.9	NA	NA	NA	NA
MPO	0.000367184217969433	0.688889422981519	0.56118722112577	0.845651182405403
KCTD12	0.0425193139718148	1.24878906517992	1.00752421763621	1.5478279350661
CDCA7	0.313076643713502	0.896043339436472	0.72395151537425	1.10904342224272
NA.10	NA	NA	NA	NA
CCT6A	0.445024244471306	0.92400566333204	0.754372825848711	1.13178316690971
TYMP	0.0845618980275745	1.20939798198834	0.97441233344083	1.50105189419411
MYADM	0.121079043528915	1.19663659768851	0.953665530536587	1.50151085582577
CENPU	0.349603151593139	0.898884468092445	0.71894287150929	1.12386299245391
IGSF6	0.238807505799627	1.13485614954897	0.919449352869524	1.4007280293903
GRN	0.600685549164324	1.05906475453137	0.854276388572122	1.31294528245748
CBX5	0.700350752984366	1.04874441097783	0.823004880727376	1.33640135716469
PARP1	0.0287595263721334	1.32435250393531	1.02956494928668	1.70354435229645
DHFR	0.295347754159305	1.14070195423502	0.891439614887488	1.45966246806277
RHOB	0.942130113611193	1.00837948460824	0.804967067925534	1.2631935211949
TUBA1B	0.0846341929459685	1.21733072204205	0.973493604249002	1.52224326935422
SPINK2	0.00117387137473896	1.55164749457173	1.19003699465387	2.02313874125485
CFD	0.0948294072966602	0.850398671760098	0.703149908049931	1.02848324752961
PRIM1	0.839514608406695	1.02344675215215	0.817809715998223	1.28079091505078
MEGF9	0.274696309352011	1.12426616973462	0.911157068662354	1.38721902499792
CDC42EP3	0.00195539490371618	1.46410293325012	1.15023240728281	1.86362111307176
CTSD	0.00175789314543277	1.39896976045029	1.13359265088506	1.72647237005843
AP1S2	0.0416705571404373	1.25119710388096	1.00848928887055	1.55231613269128
CLEC2D	0.747367792116498	0.963564361203101	0.768775200356017	1.2077084143073
GPR183	0.705056642484947	1.04470570869962	0.832989503719598	1.31023261747722
ACTB	0.0375453392468172	1.25981530210499	1.01339524169829	1.56615556311286
CCT4	0.947744522115684	0.993061888522695	0.806403976027141	1.22292541177038
NA.11	NA	NA	NA	NA
SET	0.878773690764815	1.01680544139104	0.820785860254958	1.25963829995958
IFNGR1	0.00912563310241285	1.33374012802477	1.0741201902174	1.65611143455323
PTPRE	0.384430095337408	1.10247886775158	0.884893726757923	1.37356568035805
DMXL2	0.336345784319814	0.899309307588372	0.724346890333822	1.11653303342319
CR1	0.344618934541535	0.899708179475246	0.722627957599757	1.12018196874554
CD55	0.641079474118858	0.948554979241776	0.759675851266876	1.18439535381293
LGALS2	0.017653433536643	1.29794164364326	1.04641806735588	1.60992299622673
NA.12	NA	NA	NA	NA
CXCR4	0.37455948480488	1.10914131097067	0.882448649865091	1.39406915959336
NOP58	0.951039561290841	0.993215353046828	0.799222998077601	1.23429473363597
MCM6	0.235150956715577	1.15572285507556	0.910096016670017	1.46764219739278
FPR1	0.0907834404535376	1.21349741366495	0.969726349893856	1.51854796266256
LRPPRC	0.856153404908758	1.02061742734068	0.818529619675544	1.27259894810454
ITGAX	0.000151996812551044	1.5683831595254	1.24255817419225	1.97964633461282
MYB	0.000224252764332631	0.687448504191404	0.563364425079866	0.838862776697342
NHP2	0.00954345214066284	1.35273413282714	1.07644773034185	1.6999335708892
SPN	0.246235595043672	0.872353242751447	0.69254046891949	1.09885301190599
PRKDC	0.462980579088007	1.0960025231186	0.858019501341487	1.39999327381751
AOAH	0.254094631964605	0.876995533155115	0.69989714944563	1.09890598323372
IPO5	0.605361175674108	1.06069462544928	0.848244991121812	1.3263539428262
HSP90AA1	0.41279633977333	1.09839329300832	0.877439912193819	1.37498626328632
NA.13	NA	NA	NA	NA
EIF1	0.568790375248087	1.06759497526142	0.852513523321539	1.33693953236394
CEBPD	0.849074805607249	0.97899871308308	0.786762391146427	1.2182057645406
APLP2	0.53187968386009	1.06921929521688	0.866832763262076	1.31885866538069
NA.14	NA	NA	NA	NA
MCM7	0.735804168235943	0.961477501855679	0.765308451123189	1.20792993363382
CALR	0.00554872241300976	0.729972435143755	0.584389364464077	0.911823158449111
DDX1	0.386166119277547	1.10926426975176	0.877363512887781	1.40245998616686
FBL	0.432899499696711	1.09148383909036	0.877010565957442	1.35840663412628
FGD2	0.00511383573811968	1.37459909293384	1.10013705814935	1.71753387661814
TMEM170B	0.440384937144666	0.907389339354259	0.708885772608202	1.16147825924675
HCK	0.00169394073929933	1.45947141928233	1.15260560927929	1.84803614224459
GCSH	0.175150324523042	0.856455278542416	0.684580363804763	1.07148215596841
GYPC	0.162388554000993	0.853828498072197	0.684054530472323	1.06573828787721
SMARCC1	0.0788590287878315	0.820743047074964	0.658449777497283	1.02303800888546
HK3	0.0322281210840933	1.27116746442364	1.02055502611351	1.58332150767292
DNAJC9	0.0212381456368958	1.33520101499894	1.04408048139497	1.70749456792096
NA.15	NA	NA	NA	NA
NA.16	NA	NA	NA	NA
FBXL5	0.760517752179095	0.966619977497969	0.777044350518387	1.20244639868347
TNFAIP3	0.704183296724974	1.04622494135814	0.828547590513991	1.32109083467471
EVI2A	0.967832285714305	0.995485106356702	0.798953238306152	1.24036119946018
SUPT16H	0.454069737124968	1.09380153401534	0.864962343513263	1.38318367821057
GNL3	0.822299181587941	1.02687501546268	0.814713201417589	1.29428649928185
HMGN5	0.267809459796982	1.13780054406255	0.905525000249151	1.42965691473217
NOLC1	0.42778078537122	1.09587607060793	0.873951177694381	1.37415497888492
IER3	0.0729464228891841	1.21306534725461	0.982193799711487	1.49820487274732
MLEC	0.195598201579519	0.870880134280702	0.70636587039043	1.07371015514321
SLC11A1	0.0708680475417368	1.21973847334752	0.983246333529601	1.51311211914054
YBX1	0.414941250886242	1.08936265881423	0.886753338383653	1.33826505190486
NA.17	NA	NA	NA	NA
LSM7	0.452473236858349	1.08364906346267	0.87876383555591	1.33630361791192
CCNL1	0.0594058658549817	0.80191469471892	0.637460144418551	1.00879589608336
NA.18	NA	NA	NA	NA
IRS2	0.347869375986859	0.90192991082754	0.72707390058707	1.11883752585334
YEATS4	0.503765359538682	1.07592841703896	0.868178351757921	1.33339187305
DKC1	0.548141891010673	1.07084029060006	0.85647402574137	1.33886013295012
CCPG1	0.657085013585365	0.950488434122154	0.759598247471381	1.18935011554779
DUSP6	0.27174740982341	1.13727590165075	0.904146116399823	1.43051709565003
DDX5	0.829319281136282	0.975570979229869	0.779116844180491	1.2215609797483
NA.19	NA	NA	NA	NA
NAA38	0.000440907824091763	1.45268707869869	1.17957896291062	1.78902796249516
APOC1	0.529794521107248	1.07301873158375	0.861254860752991	1.33685074046834
UQCRH	0.083918082727709	1.20021410213282	0.97584488505486	1.47617097042785
CCND2	0.00742125897508986	0.758324662673383	0.61930117241436	0.928556766293255
NA.20	NA	NA	NA	NA
SLC2A3	0.389112841235423	0.91292171076118	0.741974476552677	1.12325433868203
EIF5A	0.0779042535083316	1.20551209233782	0.979332788263172	1.48392806019498
NA.21	NA	NA	NA	NA
PLAUR	0.835704766873846	1.02290587450283	0.825815011208664	1.26703488540487
EBNA1BP2	0.10411586466986	1.2034784232127	0.962569730349298	1.5046809280123
PM20D2	0.995973331717187	1.00056049785265	0.804884401405598	1.24380756803691
NCF1	0.0786642149298953	1.21535630404683	0.97790194623883	1.51046937933553
CFP	0.27468421894591	1.12607836749181	0.909997017815261	1.39346884100499
STX11	0.0326309136169503	1.26504260153718	1.01962620560966	1.56952888705629
EMB	0.148893078896757	1.20004840662822	0.936828833159299	1.53722443980976
ITGAM	0.00868702296535394	1.35319020423349	1.07956032812959	1.69617545321067
NDUFB6	0.260454195828079	1.13625915969326	0.909604402595168	1.41939163256387
MSH2	0.762427421104512	0.965731542891335	0.770320001215969	1.21071426350489
EEF2	0.638496042018644	1.05330965642293	0.848114879419156	1.30814970853195
NA.22	NA	NA	NA	NA
CDC42	0.241649133015187	1.14255128540002	0.914104287703221	1.42809027080406
LRRK2	0.628655408097026	1.05315928353158	0.853753617302117	1.29913883116968
TMEM70	0.0126143830818854	1.36405773425037	1.06878822643848	1.74090007387945
RBMX	0.557223137021846	0.938716997635561	0.76001965211382	1.15943002157786
CA1	0.278876785407288	0.8735099677659	0.683851825497758	1.11576753228816
SSRP1	0.0514633524892954	1.27528697556587	0.998456929610236	1.62887033162545
SNRPF	0.221169104112811	1.13685419053744	0.925686779024471	1.39619305344791
TREM1	0.308720219001947	1.12739277895705	0.894964016422454	1.42018500713054
NA.23	NA	NA	NA	NA
ID2	0.0758388176737646	1.22564863246267	0.979064908800031	1.53433603508347
FCGR2A	0.894515855390495	1.01528129468233	0.811385378278589	1.27041494082471
NA.24	NA	NA	NA	NA
ABCE1	0.973966424004792	1.00370077537742	0.803996611367057	1.25300931900733
HBD	0.335316834877233	0.895830431011721	0.716207543609787	1.12050224587397
ITM2B	0.510444546589987	1.0791544916206	0.86012244404853	1.35396352559219
ERH	0.190780064013834	1.13772375296157	0.937748679595946	1.3803435464294
PILRA	0.842499829593472	1.02286234156698	0.818426279183574	1.27836482821589
CHEK1	0.688280340573039	1.04938801363355	0.829192469134294	1.32805741025056
NA.25	NA	NA	NA	NA
THBS1	0.00201084116772967	1.38187064373894	1.12546073416314	1.6966975551105
CENPF	0.121879297899131	0.838251436414173	0.670331434850316	1.04823589364764
MRPL1	0.966673051684702	1.0045570939689	0.811605149486097	1.24338165631677
HLA-E	0.00648868180025171	1.41970649714393	1.10308489747794	1.82720889628806
NA.26	NA	NA	NA	NA
CDKN1A	0.0656864435349648	1.26193625211814	0.985020286953764	1.61670081875656
TRIB1	0.0622610426629379	1.24441191784743	0.988858431556028	1.56600881568453
GGCT	0.468855538617344	1.08695292185996	0.867420769910946	1.36204561306642
RNASEH2B	0.000143755576416964	0.612113692949458	0.475259801035659	0.788375478590312
CD36	0.0813286456619461	1.22099784674472	0.975455703883483	1.52834796682199
ILF3	0.71770496622004	0.962226453237438	0.780940321908065	1.18559603254664
AKAP13	0.227167527636724	1.15376974124289	0.914756633534472	1.45523362936895
METAP2	0.404604913152511	1.09541120510436	0.884104570091539	1.35722147454112
MSH6	0.645760905025093	0.94875091745313	0.758106725532686	1.18733718228878
CES1	0.338931962770318	1.11346855044647	0.893321792937501	1.38786742093967
CKS1B	0.153231995450109	1.17575358129069	0.941498337107557	1.46829413227094
SAMSN1	0.578648974079163	1.06970754831617	0.843302379954175	1.35689672663649
CD300E	0.0537897183965425	1.23207405033356	0.996603674932448	1.52317967883094
TNFSF10	0.658330851066336	1.05249676681853	0.838949462672562	1.32040068377255
ANP32B	0.0805396331897826	1.22206240157147	0.975920839735324	1.53028447854404
SQSTM1	0.0831175689046301	1.20703167907213	0.975643299947906	1.4932972679272
NPC2	0.151648085624251	1.17288659105917	0.943149778561794	1.45858376554375
HNRNPAB	0.0032321943121317	1.4155374147808	1.12323631667399	1.78390436891996
SNRPG	0.119266081145702	1.1809904476885	0.957970981662998	1.45592973506386
MRTO4	0.0630720777740045	1.23334664470947	0.988636649887646	1.53862791369202
GINS2	0.200008771884904	1.18705251837814	0.913220763699532	1.54299347693271
UHRF1	0.231750465774572	0.864856662375803	0.681708015945264	1.0972102849908
SLC25A5	0.0994732005077604	1.20707383938267	0.964924345158459	1.50999118328053
CENPH	0.382007514911222	1.10296124979281	0.88540131263714	1.37397980009895
HELLS	0.227995319864192	1.15161732790088	0.915447399498979	1.44871509892037
SUMO2	0.32457684111578	0.897427014397694	0.72357812542516	1.11304532001646
RRM1	0.332348497954928	1.12282057387518	0.888363407883259	1.41915575307337
SLIRP	0.0264096310538805	1.27645914352426	1.02901716485409	1.58340210517064
BRCA1	0.810028355996176	0.971425387503085	0.766928868702208	1.23044955274977
KLF2	0.0431194903203539	1.27296665163321	1.0074964060071	1.60838697439366
USP1	0.189181562908736	1.16837826079246	0.926188587029344	1.47389827450894
HMGN1	0.441338311436794	0.91552468941159	0.731301607625253	1.14615563289136
PLEK	0.504704274657991	1.07896759327175	0.863037028710498	1.34892365982264
NA.27	NA	NA	NA	NA
HBB	0.0860010632612066	0.821615145711331	0.656531001360665	1.02820955333899
P2RY13	0.0257897927653222	1.27848253768284	1.03013255852477	1.58670608518647
NA.28	NA	NA	NA	NA
SGK1	0.363494936473934	1.11275270667553	0.883740554277779	1.40111097111033
SMC2	0.64772823309802	1.05703024240579	0.833228769161586	1.3409437776431
PLD3	0.0276009552579144	1.27899535721794	1.0275099483696	1.59203239480133
NONO	0.908977837086501	1.01251080298632	0.818146922777226	1.25304892999415
CLEC4E	0.719223603464375	0.959069910747331	0.763657289481051	1.2044867591403
NA.29	NA	NA	NA	NA
MRPL3	0.887995327803823	1.0151622266596	0.823355439062515	1.251651835336
CBX3	0.479533108324152	0.924238776852279	0.742912061293565	1.14982292136976
TOP2A	0.227321908446388	0.867778466727492	0.689317017441267	1.09244287934626
ENOSF1	0.158643080408845	0.860418689065859	0.698121485018264	1.06044626383966
SYNCRIP	0.317623038472055	0.895308618344615	0.720742786148229	1.1121547624027
CDC42SE1	0.0307810267648007	1.27815699507593	1.02297695745302	1.59699130284326
NA.30	NA	NA	NA	NA
BIN2	0.000893298545146745	1.57385381526878	1.20437365730093	2.05668383463919
SCIMP	0.034161180959874	1.2583158946334	1.0173093240246	1.55641834129965
CDC42BPA	0.954123727984129	0.993406784081514	0.792959062074078	1.24452457366202
NREP	0.00120294265948003	0.675499619770135	0.532724696614471	0.856539483169142
FOSB	0.059835373502075	0.828046514716444	0.680322768682819	1.00784666058078
OSTC	0.121537308005297	0.851766369943393	0.695212424433477	1.04357448668693
IDH2	0.187920158525991	1.1569614443805	0.931258167872199	1.43736702663392
SSB	0.506646789688488	1.07826030983848	0.863259704217078	1.3468082549126
CHCHD2	0.0623470540108481	1.23387283178999	0.989217632107398	1.53903662411081
HLA-C	0.131832135474999	1.19161415551243	0.948659037619489	1.49679098528458
NA.31	NA	NA	NA	NA
NA.32	NA	NA	NA	NA
NA.33	NA	NA	NA	NA
EIF5B	0.613522233344316	1.05754163769373	0.851149533958431	1.313980999619
MXD1	0.177261975846116	0.861271052054473	0.693299293459681	1.06993881589778
POLD2	0.5727326750551	1.06594891627393	0.853797089788235	1.33081630951375
RIF1	0.0427829267006063	0.779961655891636	0.613274881748607	0.991953531386588
NAP1L4	0.697245639806052	1.04626673454225	0.833077145456939	1.31401285676765
CMSS1	0.503088410019106	1.08063218356821	0.861204068650834	1.35596887970214
SMC4	0.130110442374304	1.1956516491864	0.948677559856073	1.50692176846583
ZNF146	0.597209560051463	0.942517716103109	0.756704436737737	1.17395855242766
GMNN	0.172826800614032	1.17997243765509	0.930111705691708	1.49695455406643
MYL6	0.0106802701582902	1.33626179116056	1.0696530529347	1.66932218780348
UBE2T	0.419739360703436	1.1005032594498	0.872092332652139	1.38873761265221
SNRPB	0.0437400261380716	1.24127347429008	1.00608590895331	1.53143963578528
SSBP1	0.0710484626791056	0.810912183752828	0.645865358021376	1.01813568662869
CCDC34	0.919250810603866	0.988674709818801	0.793267527648938	1.23221693535384
CACYBP	0.135866607649438	1.20102858640396	0.944068373725257	1.52792923214614
LSM5	0.712500299365476	0.958323045375462	0.764149514189078	1.20183686862943
NOP16	0.581838166850029	1.06465085467709	0.85187512798533	1.33057229296661
SLC31A2	0.222131578983971	0.866942156129849	0.689352419376239	1.09028224308714
KDM5B	0.000420745296930522	0.684725453867043	0.554760060036346	0.84513825155818
NA.34	NA	NA	NA	NA
ACAT1	0.361547838520701	1.11508579578569	0.882440848756497	1.4090647930852
EZH2	0.1693867072171	0.851504875607382	0.67703998187281	1.07092723117695
TYMS	0.791747259839588	1.03239765033924	0.814820333082678	1.30807352879084
MCM2	0.0270261443291786	1.3275895504738	1.03271270992775	1.70666439715894
DTL	0.336383272240996	1.12760547498643	0.88271305027357	1.44043877772659
THEMIS2	0.0419954617276068	1.25000405179519	1.00810908808198	1.54994151721933
CPPED1	0.198073139995285	1.15055195149784	0.929302053591617	1.42447742150069
CKAP4	0.789523462856236	0.970263871631417	0.777368565675392	1.21102398805549
PPM1G	0.0147630965139918	1.3315296659633	1.05776222793579	1.67615292408415
MLC1	0.455573419602592	0.92192255245955	0.744655787402483	1.14138801727212
CLNS1A	0.54590424841221	0.930044275041934	0.734993148943229	1.17685770919354
BASP1	0.0741745634088891	1.22870163743948	0.980081021458838	1.54039072361516
WDHD1	0.798083625526515	1.03106886094902	0.81561917202556	1.3034306113459
XRCC5	0.338602292965877	1.11895829057935	0.888862030934297	1.40861867475674
TPX2	0.717127170758497	1.04258819437558	0.832006536316424	1.30646827351117
HMGN2	0.820140456924649	1.02599431276963	0.822377770565258	1.28002527246338
MIS18A	0.175737708726353	1.16895448322258	0.9325192773204	1.46533655344122
NA.35	NA	NA	NA	NA
MAD2L1	0.955296996887452	1.00640376453156	0.805086521048726	1.25806172477455
SRSF3	0.419715102391423	0.915410332147824	0.738553961011501	1.13461726622564
PDK4	0.0528880889873788	1.24353118694216	0.997286848384523	1.55057676274655
SNRPD3	0.161221217469832	1.17518233750156	0.93762263426691	1.4729310875216
MTHFD1	0.117889677942106	1.2043456090791	0.953972935688872	1.52042924054311
SLC8A1	0.007315281395102	1.3108329872734	1.07559818627268	1.59751396241988
SIVA1	0.586609405022299	1.05867175308079	0.862004096523514	1.30020945989853
MCM5	0.00171669852631396	1.45398458454428	1.15064031261385	1.83729976163445
VDAC1	0.53327078766039	1.07294071305989	0.859780175755077	1.33894896184418
WDR43	0.87131954748932	0.981985343213595	0.788091825479445	1.22358230742932
RPA3	0.869690628613689	0.981221832192832	0.782362290898038	1.23062715978643
TFAM	0.920615077128817	1.01125901776588	0.811399719028795	1.26034650620395
YWHAE	0.11805866565983	1.19386109915602	0.955991459904977	1.49091742327875
TLN1	0.00324556948730005	1.43330967324657	1.12781553212827	1.82155375670826
HNRNPA2B1	0.0784387004845305	0.825667070281994	0.667034133833116	1.02202582502114
AHSP	0.0352984739641483	0.776353078950395	0.613323423379755	0.982718220469081
CSE1L	0.810528827027464	1.02757680342001	0.822677468237876	1.28350918518357
HNRNPA1L2	0.585781710061055	0.942539846793104	0.761847012658836	1.16608892340777
RBM47	0.0519879785349023	1.237914639941	0.998164129136885	1.53525117868677
CFLAR	0.930166889602039	1.00989898555868	0.810217091359614	1.25879344179344
NA.36	NA	NA	NA	NA
NDUFS5	0.422593871646229	1.09413179597614	0.878174984594669	1.36319572746485
EIF1AX	0.75397597925625	1.03677025940371	0.82719194766963	1.29944757539315
TK1	0.0298164425261111	1.31015515746742	1.02678304489561	1.67173245134076
C19orf48	0.16495096217907	1.19070607577107	0.930700069994109	1.52334893333265
HLA-A	0.341944994803202	1.10754154901132	0.89716365896777	1.36725141564217
NA.37	NA	NA	NA	NA
ITM2A	0.0194432867638333	0.783764231798461	0.638909433102165	0.961460794316375
CTSL	0.0491973874508956	1.25341040558738	1.00079418302269	1.5697909435182
CLSPN	0.21338712873392	1.16591068873659	0.915498571968042	1.48481688091336
CD52	9.58552782420493e-05	1.5963222964878	1.26201234620314	2.01919171546194
NA.38	NA	NA	NA	NA
NOP14	0.281715269587406	1.13170034049735	0.903443975872767	1.41762598997304
SH3BGRL3	3.66646548074198e-05	1.62848280233954	1.29186796565885	2.05280749117666
CDC6	0.434514304518853	1.09941901417685	0.866815206233651	1.39444042979534
RPS26	0.684207436083816	1.05178470167428	0.824640424613264	1.34149506337246
NECAB1	0.513889477906842	1.07721753476037	0.861618070085622	1.3467656465003
MCM10	0.301002571377554	1.13758441257655	0.891035610173656	1.45235306082202
TPRKB	0.721443444108952	1.03930175767976	0.840828190067703	1.28462408405844
TMEM14B	0.441074952405655	1.0890806795122	0.876543645071564	1.35315193163018
HNRNPM	0.720857086175647	1.03895085907642	0.842493949514129	1.28121856328837
CCT5	0.257199002156677	1.14325675650395	0.906911134562343	1.44119524116625
ALOX5	0.837472134529832	0.977947885821974	0.790285368720245	1.21017306562615
MIDN	0.162841623188861	1.16573730182006	0.939866125831722	1.44589045131522
NA.39	NA	NA	NA	NA
NA.40	NA	NA	NA	NA
HNRNPR	0.826189740141732	1.02534597023732	0.820061022042193	1.28201966734594
SLA	0.00979375421030152	1.37439435455326	1.07972821518738	1.74947715106256
SLC16A1	0.387249771846174	1.09900242214478	0.887279378825419	1.36124692256343
RIOK3	0.605911359681175	1.06179387442742	0.845500666016653	1.33341850229764
MCEMP1	0.384129875100618	1.09799508134843	0.889543762267749	1.35529385939582
TFDP1	0.165237010916964	1.18423037277465	0.932640020562021	1.50369011074269
NA.41	NA	NA	NA	NA
NA.42	NA	NA	NA	NA
GABARAPL1	0.429909476370636	0.915771654501004	0.736044395114383	1.13938470118665
SRP9	0.827720969038248	1.02376970405599	0.828550953923338	1.26498485335141
NA.43	NA	NA	NA	NA
SLC25A3	0.0967935573645316	1.21607164885575	0.965348435782817	1.53191345252611
PCOLCE2	0.535828114603178	1.06688173373922	0.869180275772602	1.3095518450124
TOB1	0.593912531773739	1.06167230244732	0.852018088784467	1.3229156664876
SNX10	0.0670714708350237	1.23211720278349	0.985429075044516	1.54056018828797
TRMT10C	0.759267912557398	1.03533608748507	0.829130780469157	1.29282477420793
EMP1	0.357229897230402	1.1041618669364	0.894172535930289	1.36346552752043
NA.44	NA	NA	NA	NA
TOP2B	0.0430955314788321	0.802219980051055	0.647976390619742	0.993179544362104
MKI67	0.754324913150227	0.962925635881254	0.760035055894527	1.21997764845993
SGMS2	0.00824761550653658	1.3355120327913	1.0775259450892	1.65526630505654
TOMM5	0.255705064978043	0.873558237627705	0.691918732708165	1.10288095762408
LRRCC1	0.276809898467498	1.12468233841509	0.910042403049109	1.38994662018466
GPATCH4	0.132418598520357	1.18858786416386	0.949060825600751	1.48856751087936
RBBP7	0.0845102509493757	1.24401124936577	0.970710784122991	1.59425857202849
TIMM8B	0.0366170504287872	1.26061899217064	1.01451511346164	1.56642342961153
PSMA2	0.0162685046932974	0.729963152473397	0.564673176874911	0.94363647113158
DDIT3	0.309830048358687	1.12166289519878	0.898737916540231	1.3998826880577
MRPS28	0.572773802174961	1.06653320981512	0.852619470764575	1.3341157768993
POLA1	0.799145272676868	1.03122177255226	0.813777757712199	1.30676752234595
NUDT21	0.498366562200946	1.08267075854842	0.860272361841247	1.3625637918984
BRIX1	0.991819294936646	0.998854979522372	0.802398781363233	1.24341074947993
EIF2S1	0.292601149850427	1.13027775728487	0.899782338006614	1.41981872131782
PDZD8	0.0897758407656152	0.824760404592916	0.660185634190109	1.03036129499963
TMPO	0.575432192833139	0.938646835122166	0.752096662812094	1.1714689409611
ACTL6A	0.406841933204441	0.907541966184455	0.721620364298101	1.14136526785392
BCCIP	0.458526789451525	1.09374753622583	0.863015438037843	1.38616717647596
GALNT1	0.0017823735756865	0.716142374602092	0.58081236618558	0.88300444439376
HADH	0.158277065935297	1.16426604198334	0.942528621963319	1.4381689690144
TP53INP2	0.321437522301683	1.11270340930378	0.900946266011162	1.37423165374539
HPRT1	0.222077694994328	1.19499201323253	0.897800824449377	1.59055981326964
ADAM8	0.13039719075033	1.18086590562004	0.95201153544242	1.46473465408988
CALM1	0.0765666992583231	1.23074825021197	0.978085900945989	1.54867916400267
LRRC25	0.00522585454902231	1.36835544780602	1.09803119482001	1.70523081709654
FCAR	0.395980818033832	1.09676025062899	0.886119070749772	1.35747337696048
HDGF	0.415753222310302	1.09418385897103	0.880939539825684	1.35904708905407
GABARAP	0.719886457452763	0.959105412124986	0.763410171056923	1.20496585773004
BOLA3	0.536157769325894	1.07368421379976	0.857142390703758	1.34493148800668
MDM4	0.101647984842997	0.815411062321778	0.638650475855882	1.04109403451971
DHX9	0.571610897658533	1.06823788250701	0.84984455107385	1.34275400387181
MRPS35	0.517122702646138	1.07149131088104	0.869468953509929	1.32045385250258
NA.45	NA	NA	NA	NA
NDUFAF2	0.25753799181475	1.12541336058561	0.917249507408095	1.38081865616212
SVIP	0.122897753104145	1.19279987388712	0.953436529848693	1.49225616451985
PAK1IP1	0.982277479445122	1.00252447437247	0.802568656736859	1.25229824673471
BUB1	0.291065637368474	0.884444047585806	0.704156439852092	1.11089131482526
WDR26	0.784966842659467	0.967498430393282	0.763084518200281	1.22667042835717
CLEC11A	0.000344130805815721	0.681697658427682	0.552684052642359	0.840827042654872
HMOX1	0.0320825281236924	1.27606403579362	1.02108028646974	1.59472222216304
GNS	0.319069930076709	1.11566305852613	0.899561082610731	1.38367931230135
BIRC3	0.247312460769302	1.1454902538212	0.91002052294015	1.44188827451932
FANCI	0.775463821859355	1.03555879294573	0.814522406785518	1.31657767142261
EIF4A1	0.505568294938219	0.927951089259968	0.744594324802543	1.15645955841406
DDX60L	0.219089670095849	1.14510194949655	0.922567229402901	1.42131481907229
SMC3	0.975827713008003	0.996476943624708	0.793088267318285	1.25202495118635
PRAME	0.496315176682025	0.92592123904661	0.741775970128166	1.15578041813552
RAB24	0.138869492797557	1.18910478180705	0.945381415974582	1.4956610720539
CEBPZ	0.772056681421962	1.03549401090028	0.817827258864837	1.3110933085046
ATAD2	0.589623666781111	1.0727365358496	0.83116955952835	1.38451133364364
UQCRQ	0.328199207018039	1.1213499571365	0.891315544682474	1.41075260481178
SLBP	0.194585198371436	1.14900158277545	0.93148612817821	1.41731003531157
SRP72	0.86069649962167	0.980976825781637	0.79158585057806	1.21568056328683
POLE3	0.335886334054239	1.11207178231398	0.895724127204859	1.38067470938645
RRP1B	0.171059297104573	1.18133764950236	0.930557797272593	1.4997011966608
PSMC3	0.00688871717109714	1.40279313385905	1.09742551395354	1.79313179015937
DTYMK	0.596318600261411	1.06300476171757	0.847913572697048	1.33265837441424
IER2	0.699211968094421	1.0459430769464	0.832821655221023	1.31360287446147
HNRNPA3	0.121811594405971	0.843474766081487	0.679864665042599	1.04645779902628
TCEAL4	0.748652560893872	0.965058283311227	0.776369974429197	1.19960524088061
MAGOHB	0.297970240540265	0.887207510322868	0.708189415439293	1.11147829833779
RGS1	0.539921870467679	0.925255117395808	0.721732408423525	1.18616958622808
CD1D	0.016879158299106	1.31312212320278	1.0501699254065	1.64191495940731
TXN	0.173640034293424	1.15689613345579	0.937816641725044	1.42715388494604
FRMD3	0.873201001146058	0.982469507604931	0.790660625224483	1.22080991841402
DPPA4	0.0338010161419159	1.24123576215313	1.01668071555021	1.51538845350684
NA.46	NA	NA	NA	NA
FAM98B	0.355077879570609	1.10901002140473	0.890636400710755	1.38092629786367
KIF11	0.918279872537488	0.987758397394246	0.780664714480577	1.24978961329387
CD4	0.00766315575422503	1.37097497174421	1.08720316379293	1.72881429685301
UQCRHL	0.926920377697196	1.00982052855313	0.819502307926662	1.24433755710494
NACA2	0.656787048752351	0.953002606750368	0.770693751746178	1.17843691662899
MZT2B	0.213191524387297	1.15402899519099	0.920996794429125	1.44602340615856
DLGAP5	0.348230820203283	0.892318527195414	0.703288462352161	1.13215614445484
CHST15	0.0660163849346609	1.22168370754966	0.986837042194528	1.51241898862374
BIRC5	0.864933019954619	1.02116354363624	0.802221322083753	1.2998594703805
RNF213	0.282375835939315	1.1498316831693	0.891423872998948	1.48314728791373
PFDN5	0.159284366020786	1.16463782638998	0.941928585069731	1.44000435718592
NA.47	NA	NA	NA	NA
DOK2	0.000299486142371074	1.51653900072765	1.21009482108822	1.90058704545133
RETN	0.058892925919521	0.81694415543421	0.662347161819384	1.00762529315421
NA.48	NA	NA	NA	NA
IFNGR2	0.547145679921003	1.07029138056343	0.857941151700374	1.33520071515164
NA.49	NA	NA	NA	NA
PSIP1	0.87056049558249	1.01882206714776	0.814121755107418	1.27499160659363
NA.50	NA	NA	NA	NA
NA.51	NA	NA	NA	NA
MRPL51	0.0768497195513653	1.21958363633241	0.978831023655064	1.51955159783936
CST7	0.0857633307911208	0.834255971964609	0.678459523155092	1.02582837001393
PXMP2	0.764230939156203	0.963302018725157	0.754491389121962	1.22990241195445
XRCC6	0.0169852066003659	1.38843742595643	1.0604725289296	1.81782972515312
FEN1	0.0101112708524231	1.38369865646652	1.08034489707248	1.77223216131766
WDR76	0.490156046665757	1.08922561564647	0.854462189559167	1.38849027643051
TMEM107	0.306403052631137	1.1232753713922	0.898960686298494	1.40356255752581
NA.52	NA	NA	NA	NA
EIF3A	0.147097131170409	0.868013900943413	0.716845069416602	1.05106133023163
CENPK	0.49773540561986	0.9212839745819	0.726893692220867	1.16765927522112
RFC4	0.0497423258499201	1.28302898185819	1.00028063776636	1.64570152228875
UQCC2	0.00217646174314198	1.43568182212171	1.13926789426929	1.80921651943219
ODC1	0.328453299436977	1.11662765865909	0.894998247955138	1.39313940662035
FAM110A	0.0104570789904406	1.35855480663381	1.07449706030333	1.71770703784598
ADK	0.0832489657799261	1.23696141842174	0.972416945425579	1.57347479171528
MDH1	0.0562287642202633	1.25776818774896	0.99392779079381	1.59164561929577
MBOAT2	0.136656789963468	1.1739344486664	0.950456744000474	1.44995771608203
EIF5AL1	0.0726978984573458	1.20751612482998	0.982788490775995	1.48363071546871
NA.53	NA	NA	NA	NA
SRPK1	0.721207743345393	0.960173116412966	0.768077060393285	1.20031239184532
DNMT1	0.157373768681601	1.18437498719065	0.936746183035769	1.49746445268334
SRSF2	0.814036503881475	0.974203962407917	0.783567116873966	1.21122152772006
TTF2	0.912559193720824	1.01327036624938	0.800823013900249	1.28207708482143
ANAPC5	0.646874371698934	0.951869802151055	0.770768781572399	1.17552259757939
DPYSL2	0.0256568292986009	1.3313535006077	1.03542323644239	1.71186243576156
GMPS	0.595033533663302	1.06466489788824	0.845031415791044	1.34138367356943
UBL5	0.0461117388725546	1.22553155184738	1.00351459853534	1.49666739952318
NA.54	NA	NA	NA	NA
ATAD5	0.30266836331681	0.886445857296089	0.70487343717413	1.11479056590308
IRF2BP2	0.333486557475808	0.893363956204068	0.710856913330573	1.12272827805142
NSA2	0.536766431764265	0.930284554778235	0.739665419371081	1.17002813730942
CMTM6	0.559720759143493	0.934852036918145	0.745465893150812	1.17235186607417
TGOLN2	0.594308452227017	0.942803052313392	0.759085860579298	1.17098426095449
BMI1	0.212151689352632	1.13643560439646	0.929585922815936	1.38931308149302
RFC5	0.0590001881816347	1.27384182921237	0.990842109557222	1.63767061391471
PRDX3	0.323281454958537	1.12451104423115	0.890915550716742	1.41935460390216
XPO1	0.485922076916959	0.916543569127184	0.717296256198765	1.17113690033762
NA.55	NA	NA	NA	NA
LIG1	0.258461470725838	1.14291161956931	0.90655447637951	1.44089186494702
ESCO2	0.601622485052868	1.06411256415127	0.842694440878818	1.34370834107286
TBCA	0.527461704972041	0.930456983235695	0.744045329865139	1.1635718455608
HSPA9	0.772867255841781	0.969036974907157	0.7826765150222	1.19977109407784
DCAF13	0.61250261231815	0.9419979467687	0.747539150011952	1.18704168430812
CENPM	0.0704906843474187	1.24463249780112	0.981870303978539	1.57771352112969
LIMA1	0.0385472983723474	1.29611824632045	1.01376125827186	1.65711847314874
ZBTB43	0.104196102041855	1.19904377855437	0.963253042287336	1.49255275589473
HAUS1	0.984801629525903	0.997766018481924	0.792673740988179	1.25592280425008
LSM3	0.0433880579264926	1.23383385865528	1.00626008965566	1.51287525602364
PTX3	0.320740277078547	1.11685204354861	0.897959697307915	1.38910297524297
CCNA2	0.761369734987509	0.96518550131843	0.767872288013842	1.21320051067986
RAD51AP1	0.771312121533342	1.03488645091934	0.821237255026449	1.30411761003455
BUB3	0.284984082875407	1.14939280940499	0.890475366954234	1.4835939087575
PPP1R15B	0.989749262742004	1.00150912507768	0.795694298496548	1.26056015420627
DDX18	0.812627196979731	0.973577440080224	0.780209628118964	1.21486969356989
BUB1B	0.954583934312788	0.993108304994541	0.782773279036796	1.25996138583413
NDUFB11	0.175208751873553	1.15879886903464	0.936412569856705	1.43399913894944
SKA3	0.989367440339705	0.998386198929459	0.787292163590176	1.26608017748756
NDUFC2	0.430957527938088	0.919781287705867	0.746977254508342	1.13256141617149
TSN	0.673259262404942	0.952882795718238	0.76140379874683	1.19251522499655
HMMR	0.114393696522765	0.826796678988234	0.652908001042905	1.04699704597593
WEE1	0.130321892050393	1.20906103282982	0.945435186986171	1.54619650424423
SULT1A1	0.819393740491723	1.02672970136595	0.818682576818795	1.28764665270303
NA.56	NA	NA	NA	NA
C3AR1	0.25947075181445	1.13427033859523	0.911199171597883	1.41195167985152
PRDX4	0.00142689657470372	1.51614408132597	1.17398485991557	1.95802599660873
PPA2	0.687058270702198	1.04982337171817	0.828668202083001	1.33000048636513
TGFBI	0.971462554749691	1.00406102797555	0.804133745769579	1.25369511378297
FKBP3	0.319714858250883	1.13065598613335	0.887736435491467	1.44004786541338
WDR12	0.916480751369612	1.01222459522054	0.806589581662119	1.27028498069367
TOMM6	NA	NA	NA	NA
PTTG1	0.49260013431527	0.920797873530005	0.727453487434322	1.16552980849367
PDCD5	0.357708297237253	0.897589624041456	0.712995580021816	1.12997493359248
DEFB1	0.165955099319268	0.84995649418686	0.675314942557539	1.0697616719015
ORC6	0.46703049401081	1.09545771353679	0.8568290724339	1.40054491701416
PRPF19	0.00078976865692048	1.52632056801312	1.19235266034041	1.95383006540597
TIMM10	0.0486282702129106	1.23625953289714	1.00127782464578	1.52638717752461
RFC3	0.220315915221952	1.15660950205915	0.916529807685667	1.45957668701628
PPP1R14B	0.10386984131772	1.20065402316684	0.963186661498027	1.49666740723409
NUSAP1	0.850407816964342	1.02355295991887	0.803602124220175	1.3037056898964
LMNB1	0.18351342098548	0.848628491820029	0.666304838566457	1.08084209425549
IL1R2	0.000670470237208286	1.38249044005253	1.14712011381844	1.66615491596128
MTSS1	0.122395497491998	1.19329382183279	0.953616962151038	1.49320974955431
LUC7L3	0.928430500697755	1.01121557848004	0.792771061216685	1.28985150465933
NOL7	0.412676848030795	1.09313035604415	0.883379027598015	1.35268547019318
TBL1XR1	0.0618509405409481	0.801576235382133	0.63551581015968	1.01102828734969
NA.57	NA	NA	NA	NA
AMOTL1	0.541001379092829	1.07046092294344	0.860518272507796	1.33162377157836
MBD2	0.121342594247102	1.17776544949448	0.957539922589023	1.44864085694972
PNRC1	0.504395189948341	0.925618639763363	0.737701698934825	1.16140422004514
HSPA5	0.345130450554325	0.90885968304135	0.745304263030023	1.10830698874555
CD48	0.774629772386765	1.03423645774303	0.821378291620969	1.30225629461662
ITGA4	0.00314836504288451	0.694846738168742	0.545686210475118	0.884779531304934
TIMELESS	0.137021599233397	1.20393268401821	0.942673614673148	1.53759889434252
TRIM38	0.123687821696724	1.21168757271092	0.948905596322824	1.54724219095299
ANP32A	0.551006745206358	1.06465280299881	0.866505882107647	1.30811067107378
TPP1	0.164920824839661	1.16071872120349	0.940533354594157	1.43245100577387
CAND1	0.82789043940051	0.974160961786025	0.769369630511341	1.2334637888386
ASPM	0.193052626335915	0.849375672050023	0.664259310206021	1.08608042248843
GTF3C6	0.120048872566281	1.2024779104663	0.953054515475684	1.51717777071513
BACH1	0.293107645092994	0.883042483332258	0.700287761868311	1.11349086736751
PARK7	0.00384399702516757	1.41121144497516	1.11728671937288	1.78245897664182
PRC1	0.718090744729398	0.955265311354886	0.74510159652984	1.22470790470438
FAM111B	0.881661294979786	1.01743801884506	0.810320462415205	1.2774947322766
CTNNAL1	0.104958496982168	1.19698231924993	0.963135291818326	1.48760686558581
AAK1	0.100540537490033	0.839198495037217	0.680768472114963	1.03449872154744
NA.58	NA	NA	NA	NA
DNAJC8	0.000102676421503093	1.63615818705847	1.27622908318807	2.0975964647281
VBP1	0.788304109584681	1.03007423028167	0.829730668609109	1.27879197435118
MND1	0.288682043106333	0.881695483022422	0.698728470948649	1.11257370653109
NRIP1	0.0342995907619771	1.2703345756637	1.01785806199183	1.58543710010879
ACTR2	0.10941081337337	1.20791714743395	0.9585100230569	1.52222073840364
SORL1	0.00212482845980489	0.70410230981952	0.562901658361994	0.880722334582939
CENPW	0.184425460854884	1.17152287448435	0.927312064891104	1.48004743753791
CDKN2AIP	0.345087291792363	0.896868172793872	0.715482392206414	1.12423803594954
MRPS18C	0.693665163616223	0.954265219307676	0.755967605566153	1.20457821482754
ALDH1A1	0.150066002866501	1.16441795557846	0.946422669368209	1.43262542113307
ANGPT1	0.0746491727561104	1.25189858501377	0.977896665740022	1.60267451773492
MPZL1	0.186916946996073	0.864633089939674	0.69666021653876	1.07310617496275
CDK2	0.540086422600894	0.930726965237058	0.739750326149021	1.17100682919453
MAP3K8	0.972848339515752	0.996075077229038	0.79422119317433	1.24923077853332
NA.59	NA	NA	NA	NA
NABP1	0.909336213786465	0.985623525638927	0.768191587704469	1.26459824585665
NUP107	0.347518418352938	0.903215910879344	0.730392789508528	1.11693186650233
NINJ1	0.0110861047778919	1.33302145718132	1.06784166524624	1.66405401019454
VRK1	0.453413003939938	1.0901599933732	0.869927786806642	1.36614651144098
NA.60	NA	NA	NA	NA
PABPC4	0.317183170921358	1.11753533161133	0.898867776949159	1.38939814000062
NA.61	NA	NA	NA	NA
NEDD9	0.0461612227861745	1.28905543791417	1.00433289982078	1.65449516023284
NA.62	NA	NA	NA	NA
RRP15	0.403252730101249	0.914358334847462	0.741202195826346	1.12796638921574
CHP1	0.219553792001913	1.14742476310747	0.921252288260243	1.42912381740572
NA.63	NA	NA	NA	NA
NLRP3	0.0962973074947304	1.19752047044709	0.968333840763602	1.48095131737723
CKAP5	0.67095195491921	0.953560647140144	0.765726945607857	1.18747017195865
YWHAQ	0.553226105281519	1.0677204926426	0.859785025793323	1.32594429561861
TMEM106C	0.0150132349283775	1.32940099921165	1.05682554332655	1.67227886179018
SRGAP1	0.0185491178857126	1.27111062104039	1.04101402716774	1.5520657443181
C2	0.0969859502512312	1.19417492224587	0.968398815764967	1.47258931104169
TOMM22	0.222976423357804	1.13775319574866	0.92449733716127	1.40020125791934
DCAF7	0.429778610379971	1.09866775155583	0.8698073965191	1.38774495726221
XBP1	0.816149501844277	0.974972946864489	0.787409240473282	1.20721500111717
PTPN6	0.000216549172801679	1.53782119248405	1.22424466314128	1.93171683018409
NA.64	NA	NA	NA	NA
PSMD14	0.0847777917813085	1.2328760496449	0.971700945932142	1.56425015345632
TPI1	0.00229418285846411	1.4289897146325	1.13600688870623	1.79753452626599
RARA	0.0761292590334222	1.23772136619093	0.977839378340211	1.56667261951129
NA.65	NA	NA	NA	NA
EIF2AK1	0.901006659413812	1.01325757633272	0.823368295263752	1.24694006546218
THOC7	0.250385159697415	1.14923894137705	0.906566249781787	1.45687107224137
KCNE5	0.0418438054717026	0.778972338932039	0.61241745169755	0.990823992914112
RFK	0.765593963509776	1.0337184829913	0.83123355214965	1.28552787518551
ATP6AP2	0.191056800282623	1.16233295311973	0.927675156809506	1.45634803733938
RCC2	0.307271636828604	1.1235871430265	0.898371512920028	1.40526280032081
HVCN1	0.307201324013663	1.12450030254181	0.897729919510844	1.40855384557711
SMARCE1	0.143187275781961	0.836275747388297	0.658256004894202	1.06243941638217
NA.66	NA	NA	NA	NA
ASAP1	0.645553314034012	1.05093439488575	0.8504252065794	1.29871868073652
HBEGF	0.772828251076059	1.03149296658271	0.835675270823759	1.27319519585735
HTATSF1	0.0651189557339638	1.28520005043126	0.984407251077012	1.67790227857566
NA.67	NA	NA	NA	NA
NA.68	NA	NA	NA	NA
CDCA2	0.760369440520914	0.963281554515836	0.757440117367928	1.22506232769251
NR4A2	0.353159462617723	0.90285531432972	0.72766363219866	1.12022599803486
MS4A14	0.267415477322075	1.1329278974001	0.908682489684761	1.41251277016759
UBA2	0.637918821975662	1.05598933148682	0.841635573485613	1.32493623528265
RNF130	0.0475819244745967	0.808284200608624	0.654807424454477	0.997733569526657
SSH2	0.848507946733873	1.02356676364731	0.805972744255156	1.29990614088526
F5	0.548365400995842	1.06560548025496	0.865927344889124	1.31132830745146
SCUBE1	0.364677642711951	1.10865133215219	0.887036431672098	1.38563392933694
GBP2	0.0485527637986163	1.26337150406467	1.001486678919	1.59373818032752
PTCH2	0.146082955076924	1.16073334340647	0.949390261946983	1.4191233557974
PSMA3	0.998657718926171	1.00020547277969	0.787292075590114	1.27069866291819
RBM39	0.118563542057552	0.839152760230909	0.673297246159208	1.04586400586086
LYRM4	0.515884516118579	1.08352134158704	0.850634321535548	1.38016826731759
TFRC	0.228356884260091	0.871953492913915	0.697705580182773	1.08971880890734
GINS1	0.675270153646596	1.0534616028368	0.825650187867941	1.34413019576396
PICALM	0.935943309437548	0.990774314330012	0.790334909926386	1.24204780733719
TMX1	0.624477736237716	0.946457631243669	0.759298891413151	1.17974892083961
NA.69	NA	NA	NA	NA
RAD51C	0.858995562427494	1.01996268039425	0.820120751304631	1.26850084910314
SRSF7	0.492072789215833	0.921643178587633	0.730239405726006	1.1632159836576
GLO1	0.10895996319119	1.18474509646445	0.962938166378577	1.4576438992706
CDK1	0.796316933027322	0.969368661189813	0.76541210723746	1.22767276923333
NA.70	NA	NA	NA	NA
CCP110	0.196982000240252	0.856320044451049	0.676553807774753	1.08385173522337
CCNB1	0.277262477472843	0.880731060254532	0.700396314159592	1.10749754791018
NA.71	NA	NA	NA	NA
TCERG1	0.0261266262647902	0.757371216751805	0.592873054423976	0.967510929504831
SNRNP25	0.000625146133061684	1.49176983634021	1.18622948978954	1.87600903852872
PDIA6	0.198351714946654	0.882695514977807	0.729859654861484	1.06753588442946
KNTC1	0.587251947228043	0.937294652250394	0.7418730672292	1.1841935014818
RAB2A	0.49154398657937	1.08450141412864	0.860688403616187	1.36651465536825
FANCD2	0.381884444352242	1.11373015886662	0.874835454384872	1.41786076518953
IRAK3	0.538486384619875	0.937496610341401	0.763227582651381	1.1515567759598
PTGER4	0.745098810262068	1.0386498069238	0.826385263198203	1.30543642229024
TOPBP1	0.891856568648239	1.01699632255827	0.797629980608998	1.29669338570669
CPSF3	0.450071342671879	1.09272908985367	0.86810858847086	1.37546947429206
POLE	0.706068655209495	0.959701632157077	0.774997112155571	1.18842665129838
MS4A4A	0.00943567103358236	1.33025566161058	1.0724067321509	1.65010165657743
NA.72	NA	NA	NA	NA
TRMT5	0.682454317787769	0.954233267741413	0.762403880550818	1.19432908526987
ITGAL	0.000622468416906187	1.51564835419332	1.19439728414538	1.92330471951181
NCAPD2	0.642410604704351	1.05394475783852	0.844311282712015	1.31562798617033
PRPS2	0.839213990756484	1.02523668176501	0.805870248155531	1.30431698656491
FAM107B	0.543852094789949	1.07296361359929	0.854727591033919	1.3469214381104
MCM8	0.350497407429682	1.12113278661851	0.881884531297632	1.42528718967492
NA.73	NA	NA	NA	NA
ZWILCH	0.311365341080285	1.13327307900175	0.889490050086909	1.4438698571891
PLK4	0.879554422382672	1.01824248579833	0.80593955235279	1.28647087347676
C1QA	0.136044510568764	1.19089819698747	0.946485601228751	1.49842587541408
TIMP1	0.773319088844018	1.03118204599972	0.83674663534539	1.27079855128817
VSIG4	0.67554064474882	1.05004214867253	0.83541522483042	1.31980897788
PLSCR1	0.169686257461399	1.16897799589781	0.935464816387832	1.46078134736252
ITGB3BP	0.289598590688254	0.881753617673277	0.698550655224478	1.11300366904683
TPPP3	0.088589874878817	1.20908377024116	0.971743722262597	1.50439208401237
C8orf33	0.0263978075345965	1.2720854999239	1.02862051181514	1.57317640522364
CCNB2	0.648584603860991	0.949026245191949	0.757806353535386	1.18849731182819
IGF1R	0.110999763252551	0.840360174825636	0.678535369441063	1.04077879391122
KIF15	0.215704326898566	0.865038842599986	0.687630047879994	1.0882191688885
RBX1	0.109902613559093	1.19832256005432	0.959931523554004	1.49591603432154
NA.74	NA	NA	NA	NA
LSM4	1.46055228919584e-05	1.58302038131754	1.28612835876298	1.94844745518013
NA.75	NA	NA	NA	NA
HCST	0.0283078426933686	1.28399212257896	1.02691840950493	1.60542040690421
MS4A4E	0.110965411499293	1.200988966825	0.958805934373164	1.50434456726465
CCDC14	0.543578232934354	0.927853114951044	0.728689976631758	1.18145086461017
CCDC152	0.5450325312425	1.07147287068909	0.856819283625385	1.33990228110303
C1orf21	0.429784843246004	0.912549699733057	0.727108656353693	1.14528543596077
KHDRBS1	0.563766758072852	1.06665235334966	0.856793923480111	1.3279123622692
BRIP1	0.861833364353979	0.979812026183335	0.778747860872973	1.23278875601315
CREBRF	0.141775681911406	0.843139650332423	0.671502438909579	1.05864763665945
BCL7A	0.572235623516268	1.06402552525594	0.857861163471446	1.31973606756459
ABCF1	0.161565589831899	1.17157373840441	0.938602948110402	1.46237024642015
FLT3	0.27542592920402	1.13892220508991	0.901510995455219	1.43885520618844
CDC45	0.164700831184238	1.20225830045426	0.927152709690791	1.55899347098195
RNASE2	0.505067971316126	0.934513418895057	0.765758438109452	1.14045799123157
DEPDC1	0.62210398445168	0.94172075751803	0.741686149154126	1.19570519976913
HSD17B12	0.878657181026411	1.0173588547158	0.815685063266886	1.26889541794881
RFC1	0.819275403367202	0.976077157907032	0.793003560538766	1.20141530958649
GRINA	0.000456795458158553	1.48483821985181	1.19035014010159	1.85218152613862
DSN1	0.141484998576396	1.20318122840349	0.940254891858892	1.5396304565037
KIF4A	0.918638115533675	0.988138180505842	0.78592895824479	1.24237318593531
CENPN	0.07589437534256	1.23258221168331	0.978447945292772	1.55272328575797
NA.76	NA	NA	NA	NA
UCHL5	0.506279249489143	1.0813719689304	0.858590167221809	1.36195984979912
TNF	0.119584526950393	0.851822644869839	0.696057520242756	1.04244519628204
GIMAP8	0.150591535807067	1.17411682114418	0.943321160699955	1.46137960975117
DYNLL1	0.737485854834372	1.03872930773144	0.831775371920125	1.29717542880537
NA.77	NA	NA	NA	NA
NA.78	NA	NA	NA	NA
NA.79	NA	NA	NA	NA
RBBP8	0.316532281574599	1.12242174607146	0.895385244140701	1.40702628762122
RNPS1	0.455638055230237	1.07980991741447	0.882550790598986	1.32115847627906
GPX1	0.000733384068354307	1.50082004777113	1.18572345858167	1.89965105226651
CDKN1B	0.64211490164784	1.06190524608644	0.824279081451956	1.36803514372776
NA.80	NA	NA	NA	NA
SERPINB10	0.901376327315342	0.985874016232169	0.787228902365133	1.23464417142416
GGH	0.305418470955961	1.12979835910365	0.894629219459324	1.42678587337527
QPCT	0.739405951285988	0.963589366296438	0.774428474163397	1.19895445198166
SPDL1	0.491472518449763	0.925210784237018	0.741418268784319	1.15456420661452
XRCC2	0.938351081739266	1.00961823968627	0.792151777984754	1.28678495489891
TUBA1C	0.0274499552059374	1.28545055221385	1.02830426835995	1.60690096601688
NA.81	NA	NA	NA	NA
NA.82	NA	NA	NA	NA
NCAPG	0.920724002061476	0.987754391516712	0.774937586338179	1.25901589387455
CHML	0.625190024491031	1.06216890228399	0.833875461521482	1.35296315701708
IL7R	0.566403287917262	0.933086034369003	0.73637984589653	1.18233755633884
OXCT1	0.0108269028688632	1.36775794617036	1.07497504759419	1.74028392891439
RASGEF1B	0.395755024862379	1.09850573788204	0.884368044031893	1.36449396187845
GNL2	0.391140792363232	1.10800336268398	0.876477454316561	1.40068799907271
LPGAT1	0.574909259989429	0.937981616592461	0.749931066816219	1.17318717945714
KIF2A	0.318329027810705	0.890520838575497	0.709153698629133	1.11827290116404
OAS1	0.000899252483352273	1.43624558686937	1.15988957031626	1.77844636126807
CCNE2	0.827783059475266	0.972226266238574	0.754324305240607	1.25307365306584
ZBTB7A	0.0447536090271555	1.25925183452714	1.00541285018372	1.57717815370095
ITPRIP	0.210202655774617	1.15744396174	0.92081608221692	1.45487959044224
SH3BP5	0.0305039809312108	1.29317642743769	1.02448050374308	1.63234465309052
MRPL23	0.0393659772171569	1.26676078186769	1.01158674451615	1.58630279328697
RHOU	0.501247856877931	1.07777352616188	0.866426598149875	1.34067418541377
URI1	0.0431801062475168	0.797108295819588	0.639815036132546	0.993070808565336
TRIP13	0.214485103626935	1.16452618108332	0.915597121608149	1.48113312550243
CD59	0.60591682273308	1.05740562719351	0.855355788346099	1.30718313438019
NDUFS6	0.0231839781973546	1.2820417854287	1.03455414103135	1.58873380753825
FUT4	0.439017592416145	0.917123046034712	0.736659422381685	1.1417958638859
NDUFS4	0.747868892080441	0.964300681656696	0.772595248948584	1.20357432421313
FCF1	0.796589160198868	0.970884696701881	0.775521983311418	1.21546147572117
EIF2B3	0.605384570176863	1.06034479652284	0.849014666278616	1.32427757984583
ZWINT	0.0676334559971612	1.26713583844791	0.982977207204073	1.63343892545186
ALDH2	0.408776458614399	1.10379515425794	0.87322683322987	1.39524313294046
NA.83	NA	NA	NA	NA
IMMT	0.223468655017394	1.1722164117649	0.907620082909357	1.51394988044596
MRPL20	0.0430773872561783	1.25264541485733	1.00703917748122	1.5581524239084
IFI6	0.020813993223403	1.25363639065783	1.03496190070447	1.5185140621233
CDC7	0.827462743277401	0.975048517361984	0.776864387474962	1.22379095571612
CENPJ	0.0434481633032631	0.80819766856486	0.657288608265278	0.993754437944031
RGS19	0.00183501591819228	1.4588909929101	1.15038425356787	1.85013218200196
HNRNPD	0.72867394190086	1.03876595938769	0.83789764278353	1.28778822529924
NXF1	0.17680232337175	1.18319141808124	0.926924232936683	1.51030891423111
NDUFB8	0.283674834995712	1.14549674951155	0.893601845487855	1.46839759761817
SYAP1	0.27235927996016	1.13419694222351	0.905808384191193	1.42017089508153
NAA20	0.289300356289739	1.13708009158182	0.896600150206625	1.44205991307693
MNS1	0.965264272933598	0.994835928094005	0.788048185602522	1.25588579722439
CHAF1A	0.03118508639282	1.29041678354702	1.02331094511115	1.62724290521389
PELP1	0.594381184227631	1.06271231218875	0.84954708649515	1.32936417113356
RPL39L	0.00581116553343201	1.39520062340975	1.10118530761279	1.76771771844911
KHSRP	0.36036427367908	1.10511109427792	0.892062702598194	1.36904113033659
NA.84	NA	NA	NA	NA
SNX2	0.0553983518625873	1.27175732691304	0.994465699449661	1.62636750513572
RBP7	0.175289902110665	0.845883434351818	0.664046681892139	1.07751277737285
EXO1	0.227010196030587	1.16333174743679	0.910141455254573	1.48695650196024
TCEAL8	0.660317928725049	1.05134708731783	0.840936015343613	1.31440523160377
CDCA5	0.419770936183423	1.10865556260111	0.862927724744794	1.42435701303941
HSPB11	0.911502204759038	0.986680891514355	0.778908143581844	1.24987675337775
CLGN	0.842830860624753	1.02073017451657	0.833345198722423	1.25025030535476
CEP152	0.933751553210897	0.990230681908342	0.785610765998501	1.24814583230206
DBI	0.804645424510922	1.02709916099606	0.830986181383942	1.26949486062682
SARNP	0.0353857762965997	0.77730595588757	0.614709314691461	0.982911003002378
TMEM237	0.563848127794135	1.06663282000067	0.856792337200366	1.32786618566189
ETFA	0.128211843197707	1.18895087545913	0.951304841602154	1.48596340776979
TCN2	0.135817589110918	1.18267109884102	0.948674693546522	1.47438414616594
MAPKAPK2	0.0133734599303181	1.27902065038861	1.05243452347456	1.55439011894031
REEP5	0.00580124020325355	0.742341276320554	0.600724636935013	0.917343049788792
NA.85	NA	NA	NA	NA
HNRNPA0	0.910662907884742	1.01271753622685	0.812115102672277	1.26287124178166
NA.86	NA	NA	NA	NA
SAE1	0.0687936791783351	1.25029964845808	0.982938230211815	1.59038397621135
NA.87	NA	NA	NA	NA
CX3CR1	0.0171755096457103	1.30203069316438	1.04796078010611	1.61769787393231
EXOSC9	0.970447391085965	0.995857137133404	0.799488593966619	1.24045726863859
TMEM167A	0.599759480358711	1.06393601080174	0.844081210269663	1.34105560141433
SKA2	0.179850252335802	1.16115370507316	0.933392300363977	1.44449223148654
MTHFD2	0.416414279177409	0.909577707734456	0.723718817713357	1.14316718891113
UBR7	0.32822224960188	1.12638793447836	0.887300706950663	1.42989830730402
ALDH3B1	0.153363102692129	1.18537666190301	0.938575412140206	1.49707504842928
PTPN11	0.66145387782628	1.05353167255505	0.834223598170109	1.33049339231268
CLEC4D	0.210956274888672	0.866977183502493	0.693231899924351	1.08426839099
SLC7A1	0.588507421256091	1.06611380243866	0.845425515307698	1.34441014515223
MZT2A	0.0148231436749606	1.33384339334446	1.0579748829986	1.68164502443203
SAP30	0.291710312155064	0.879698866989235	0.693198306905391	1.11637620702926
NA.88	NA	NA	NA	NA
CACNA2D4	0.876244525101687	1.01858832244984	0.807850489747747	1.28429973590181
NA.89	NA	NA	NA	NA
NR4A1	0.100373212698476	1.20914823923861	0.964031086768532	1.51658954210144
CASP8AP2	0.736602326506784	0.958857791848061	0.750645738807867	1.22482313221133
NA.90	NA	NA	NA	NA
ARL4C	0.345292776916768	1.11598183114609	0.888555520614741	1.40161804023968
RSRP1	0.325762949975693	1.13701867272776	0.880114327825909	1.46891309601237
CHD2	0.95218778212909	0.992960238854136	0.788206971479759	1.25090245534651
MRPL48	0.969845062457312	1.00442826683606	0.798781042302975	1.26301963841129
DDX11	0.0110620207854796	1.39756860471969	1.07951799342874	1.80932417688975
HLA-DQA1	0.0395597086612758	1.27394985712657	1.0116365680387	1.60427992596123
ST8SIA4	0.0909756858986853	0.820108617438881	0.651629205510779	1.03214855735374
BDH1	0.0132428402534041	0.74499238666694	0.590197021040134	0.940387085000148
TMEM126A	0.7283447183658	0.960842428267997	0.766935515513661	1.20377548475064
MTMR11	0.32825833205101	1.10855917119858	0.901624234735138	1.36298846981357
DDX39A	0.0952959300037117	1.19384210224707	0.969475299005886	1.47013437738867
SPC25	0.730233112717868	0.959475396072688	0.758424733664576	1.21382253875173
STAT5A	0.874642700448643	1.01876747470624	0.80864024528067	1.28349680043328
CD37	1.71197614698714e-05	1.77152851650925	1.36501066374196	2.29911265030142
PADI2	0.991119835761934	1.0012215326806	0.807542766597679	1.24135166454003
MILR1	0.287774622505376	1.12516399576251	0.9052849494735	1.39844809979061
MMS22L	0.251731524737581	0.867513655513033	0.680340959562951	1.10618055832628
MRPL47	0.425734046100979	1.09354653731869	0.877548509646482	1.36270988570585
SMC1A	0.497398992376975	1.08528524830184	0.856806069252959	1.37469155792576
RRM2	0.815921590197285	1.02875814316996	0.810296262354237	1.30611896698571
CDK5RAP2	0.860381295534129	0.98157161280631	0.797824042184503	1.20763825119771
CALML4	0.197039959627565	0.8627036137308	0.689310937323544	1.07971234002754
TIPIN	0.738302840981594	1.04014895194588	0.825670557597016	1.3103408281662
NA.91	NA	NA	NA	NA
PADI4	0.553019494426309	1.06838565194132	0.858649104222634	1.32935316144943
DDX46	0.54515502842646	0.931125405806453	0.738946071875784	1.17328524277476
RAD51	0.0315282167383977	1.3149285011853	1.02453508110828	1.68763080455874
MPHOSPH10	0.715688318168825	0.961109650864775	0.776374774321275	1.18980135823315
PIK3IP1	0.0151109209827102	1.32058419623313	1.05523260799212	1.65266179810256
NDC80	0.644804001078997	0.945742653757359	0.7460516995154	1.19888362658646
PFDN6	0.0312344270192778	1.23952415038748	1.01953809007279	1.50697667341112
ELL2	0.93926764865291	1.00930181769573	0.795391881973214	1.2807399500693
CDC25A	0.623539194051845	1.06170086981988	0.835936926765604	1.34843754460958
HLA-DRB1	0.00053275381433184	1.57667009825723	1.21856378240415	2.04001516755567
TMEM64	0.0888338012129873	0.825292330389313	0.661534744658708	1.02958678451698
PIWIL4	0.206399751322002	0.873838965435676	0.708893034627503	1.07716467818722
CPSF2	0.880612059399712	1.01849191744483	0.801888947866448	1.29360279707112
HMGB3	0.0792795770702505	0.842745801199674	0.696161179932775	1.02019547471501
RILPL2	0.249157724098901	1.1419915597112	0.911153480145592	1.43131179419216
RABGEF1	0.0811811195982724	0.816551810857965	0.650221086232105	1.02543100175225
PFKFB3	0.746166437525726	1.03431260449777	0.843211254006375	1.26872424761881
SESN3	0.252069027453953	0.88106267730259	0.709413614812981	1.09424378828739
CLDN10	0.0746090712196271	0.808557968729991	0.640110033258158	1.02133376267999
COX16	0.0953907520356164	1.20786866783748	0.967434494419999	1.50805736942237
NA.92	NA	NA	NA	NA
EDARADD	0.548327487395083	1.06978684346456	0.858296650723613	1.33338967300525
YPEL2	0.499789697703937	0.92319714790828	0.731972737525584	1.16437802968884
EZR	0.100297915616405	1.2085414828686	0.964172683310723	1.51484536027199
UBE2C	0.449103424944518	0.912913499791972	0.721049504236021	1.15583056809041
CIT	0.46131347211167	0.916404188539314	0.726472383828684	1.15599251322737
MRC1	0.00195097084548261	1.41659714917714	1.13644174837781	1.76581640539102
ZNF714	0.733252737772474	0.963364030669431	0.777264052825289	1.19402184137321
USP51	0.85666490395745	1.02066803427949	0.817478862554995	1.27436106781277
NA.93	NA	NA	NA	NA
SKIL	0.205385200680297	0.863376360468459	0.687790195067589	1.08378797075249
C11orf21	0.0831597021887629	1.24981806103757	0.971166292309378	1.6084219541653
SLC25A24	0.104250610531448	1.20126775931395	0.96285144035287	1.49871950031908
FH	0.020668932844156	1.35071442560299	1.04706785963006	1.74241759285459
FMN1	0.0509609475417041	1.24113731432442	0.999097747342132	1.54181293782952
METRNL	0.1660950677253	1.16694258221942	0.937898344034639	1.45192173422436
STAT2	0.297101384722226	1.13552847007524	0.894209375552398	1.44197202758568
NUP155	0.794037552149527	1.03169185747807	0.816253086153796	1.30399272828723
ATP6V0C	0.63020999191918	1.05603312829736	0.845830724738841	1.31847417626718
FPR2	0.169646663154436	1.16300595048255	0.937533061376326	1.4427041526111
CHTF18	0.260663269017239	1.1417719565425	0.906253156438533	1.43849783196347
NA.94	NA	NA	NA	NA
ZGRF1	0.367372416475375	0.891732895086607	0.695069553373666	1.14404026520789
RBM8A	0.370584117676838	1.11063647726166	0.882706057162558	1.39742259001745
NA.95	NA	NA	NA	NA
KIF2C	0.373953221123507	1.11409536428724	0.877979093666953	1.41371074741918
ZFR	0.637656648205798	0.94152017432911	0.732693232248347	1.20986546572639
NCAPH	0.621358972929456	1.06243009505857	0.835481554132886	1.35102648442989
TTC37	0.161467936192212	0.848638772707932	0.674446528132158	1.06782040755365
PER1	0.699976910594974	1.04337239928482	0.840724498677823	1.29486646969537
ASF1B	0.0280100388992251	1.2993972046715	1.02867559114267	1.64136595642613
MAD2L2	0.262640377066685	1.12615418572958	0.914781030981943	1.38636811114778
POLQ	0.820655161367498	1.02828335105744	0.807962319200267	1.30868312164424
TAF15	0.233993479317297	1.14285116046989	0.917254455052045	1.42393287685179
PRELID2	0.124746879875264	0.835244015474827	0.663728703374359	1.05108090374846
NCAPG2	0.928765907509392	1.01112308914151	0.793377661230271	1.28862955355928
HIRIP3	0.00101497798375023	1.53983206695741	1.1903230146677	1.99196584894417
RMI2	0.603713656767071	0.941663300645769	0.750459672524028	1.18158217456341
SMIM3	0.00520068454800213	1.38814153127998	1.10288382868155	1.74718031106495
DNM1L	0.979170311262091	1.00316140776578	0.791527671010981	1.271380454388
NA.96	NA	NA	NA	NA
GIMAP1	0.0418686732363992	1.25390074594202	1.00835859634426	1.55923407245609
NA.97	NA	NA	NA	NA
ACAA2	0.90617152521354	1.01358398861457	0.809882447962936	1.26852051746507
CELF2	0.651455016602068	1.0555605855667	0.834828324075406	1.33465542276123
NCAM1	0.303347815522418	1.11440062018991	0.906702598154387	1.36967594976296
SOCS3	0.259346309849444	0.868942782947325	0.680736477907411	1.10918333972245
KIF20B	0.223906540596705	1.15434649126146	0.915965134151992	1.4547669689647
IFIT2	0.00867874087797012	1.3380168262996	1.0765125790965	1.66304515360463
NA.98	NA	NA	NA	NA
GIMAP7	0.31751705156446	1.12694853132336	0.891518836364988	1.42454981369786
CHD1	0.0120115579797007	0.751756640879949	0.601700300436596	0.939235108736089
SACS	0.379179922198602	0.899349951790959	0.709983486732285	1.13922415225326
DPEP2	0.278604048872358	1.12685795148433	0.907901246608875	1.39862000142236
PTGFR	0.00570971986994235	1.30672226670623	1.08092930366365	1.57968062899069
OIP5	0.262872770694251	0.876164771055315	0.695151209733618	1.10431327068046
NA.99	NA	NA	NA	NA
NA.100	NA	NA	NA	NA
LPP	0.100233851859344	1.21143435508037	0.963770332002825	1.52274162000735
THOC1	0.0146563956137151	0.763784238043598	0.615169134708728	0.948302392577049
RELT	0.00264919885633464	1.36883976085208	1.11542709097309	1.67982498009346
LAMP2	0.104653369135699	0.822688235703214	0.649909708367417	1.04139994286997
MYBL2	0.0201767044734268	1.33740564122723	1.04648826633721	1.70919627741919
COL9A2	0.106980559990472	1.21683403041263	0.958509858789394	1.54477811990412
NDUFB3	0.0791527210963221	1.21178202291775	0.977890114469059	1.5016162341143
ARHGAP11A	0.286572148314949	1.13156717658403	0.901472369601251	1.4203921476692
CSTF2T	0.749061202722737	0.962639997170057	0.76233064045604	1.21558247166507
CLIC1	0.00115039482846033	1.44723053304531	1.15810988192692	1.80852978500944
CDKN3	0.961791600716779	1.00579385224253	0.794069953897322	1.27396996731056
RBL1	0.827274396717253	1.02622400584739	0.813316574890889	1.29486566816708
NOM1	0.154478008007311	0.8502321117293	0.680059589718832	1.06298720692189
LDLR	0.00174917376422205	1.42970575875118	1.14295068430577	1.78840485829697
MX1	0.000602215394605726	1.45833538183412	1.17555540289995	1.80913811519462
LRP10	0.00901460186725445	1.37172303218288	1.08204724346356	1.73894817290791
NA.101	NA	NA	NA	NA
BCL2	0.0306854839497516	0.783147288065095	0.627434270810359	0.97750426353279
JDP2	0.0613744638899867	1.24970558904922	0.989430767561301	1.57844703288359
NCAPD3	0.338787259270826	1.12725877647138	0.881919975994176	1.44084767747696
ZNF704	0.928889291560259	0.989390367293916	0.782765042837963	1.25055827141303
CNOT1	0.677945456444779	0.952746446704911	0.758150753653364	1.19728930866942
SMIM19	0.572177186779848	1.06256426429782	0.860806162072054	1.31161098225068
AIFM1	0.00718165886446194	1.43008479481796	1.10177249003099	1.85622942928262
NA.102	NA	NA	NA	NA
CHCHD3	0.490817687004565	1.0818382244111	0.864935487924901	1.35313437838566
PDE4D	0.609269212891234	0.944228767972188	0.757716337486836	1.17665136959221
LRPAP1	0.246419657600889	1.14221861718768	0.912216864287264	1.43021185041288
MEX3B	0.230317825942931	0.878501342403069	0.71092135298524	1.08558366598959
MDM1	0.0641676293834045	0.809993364348065	0.648001696107012	1.01248076082127
UBE2V2	0.935448774728879	0.990615038596544	0.788506611044809	1.24452749152393
NA.103	NA	NA	NA	NA
NA.104	NA	NA	NA	NA
PPARGC1A	0.98033336026593	1.00267430345502	0.810847300060045	1.23988297023936
NAGK	0.493791394536289	1.08327863533653	0.861462683176749	1.36220944295485
KIAA1143	0.828615493217413	0.975680610655461	0.780729428178387	1.21931186356089
ARF6	0.0018687733475883	1.4021671018275	1.13316836502241	1.73502247515395
LRR1	0.323861792631592	1.118708175373	0.895224908705388	1.39798163509127
SFXN1	0.0152533870044534	1.3004719955329	1.05179356597504	1.60794614635004
SETSIP	0.565812960769289	0.940592824944002	0.763160578519516	1.15927746694206
SRRM2	0.451971375514279	1.09331092042491	0.866527695712536	1.37944669816635
RHNO1	0.342643231493546	1.11191360659545	0.89313340724082	1.3842857724375
MVP	0.000153458877711542	1.5376063264231	1.23055938592125	1.92126706122872
FERMT3	4.81066385331934e-05	1.66824163975434	1.30342482054076	2.13516738729559
CCDC167	2.5473578606438e-05	1.70177989868169	1.32868109902965	2.17964628658606
RMDN1	0.282248534957021	1.14024881368247	0.897643476314407	1.44842288883173
RNH1	0.448864941436051	1.08548936694516	0.877858018595839	1.34222976926919
NUF2	0.526002012098777	0.925577700077123	0.728786928041771	1.17550692241691
CENPE	0.338978306285634	0.891003039239634	0.703303695374915	1.12879602532312
CEP78	0.978033843396396	0.996807045524355	0.793860680201456	1.25163559650649
DHRS9	0.00292819446677179	1.42789051479948	1.12923986685387	1.80552545309504
OSBPL9	0.633832364620108	0.943762167622584	0.743757224023814	1.19755076020231
NA.105	NA	NA	NA	NA
EXOC5	0.212414747438833	0.864757214294226	0.688183600796722	1.08663594832565
MYCBP	0.0767944207165545	1.22876220903804	0.978082131217221	1.54369098276136
SHCBP1	0.341415842751202	1.1204449051439	0.886418596947035	1.41625727369294
CKAP2L	0.635856351838245	0.945177559769493	0.748437934151886	1.19363353823607
STX16	0.157604177412788	1.19081196970754	0.934662028299868	1.51716139552403
PSMD1	0.0779675825324986	1.26168774786102	0.974307940298763	1.63383249510876
ZFC3H1	0.341642157119616	0.886278195380839	0.69104464081761	1.13666902716757
FCGR2B	0.193008016182081	1.15551254938957	0.929517241609987	1.43645452932546
SLC26A2	0.0229754332775028	0.769590490534469	0.614072968058337	0.964493722942742
PDHB	0.617227813865738	0.941422243633816	0.74297946508498	1.19286720893041
ING2	0.96194509987017	1.0053840741814	0.806375395038322	1.25350691853583
MAGOH	0.342638632442338	1.09397463133128	0.908746607368002	1.31695731713666
CDC20	0.717495393746058	0.957162473227056	0.755061655918744	1.21335786683456
APOC2	0.759533020350676	0.960100500541369	0.739755121473921	1.24607852569262
ABHD5	0.816482484826715	0.974553725382747	0.783907554698129	1.2115650091204
CAPZB	0.000458845466162936	1.50385198600517	1.19695217914876	1.88944122848757
ORC1	0.0825188042886248	1.25266294516616	0.97139186716952	1.61537738499362
RNASET2	0.922293675127438	0.989024876306111	0.79232995673723	1.23454906334776
CCNF	0.443563960445136	0.916318754317566	0.732755506029003	1.14586659889372
TES	0.831202893102968	1.02392912889399	0.823834180667066	1.27262364878899
MCUR1	0.417778459363403	1.10556714771389	0.867278237838543	1.40932709340248
GMCL1	0.000586274614938007	0.670215098663673	0.533503966202066	0.841958648732194
FCER2	0.310601309019646	1.12559433965587	0.895492276469991	1.41482249568881
CCR5	0.0173043807295599	1.30907003626607	1.04869547119305	1.63409150408564
HAT1	0.135174574465217	1.18890607221188	0.947463481130449	1.49187559910573
TUBA4A	0.0268456662121103	1.29339180950845	1.02993313516631	1.62424366765657
E2F8	0.696072886736369	1.0509983640145	0.818868603744784	1.34893138668365
CYTH4	0.000252702174965546	1.60743496347089	1.24661442050032	2.07269153901786
AZU1	0.0961171228217231	0.851573466175543	0.704745288339624	1.02899214835865
NUP205	0.659687016995126	0.950450124223541	0.758042302792653	1.1916952857493
PALLD	0.305031279025676	1.11711009015955	0.904048792305544	1.38038451481555
SMIM15	0.0190834233790234	1.33478426858953	1.04843737329658	1.6993375942638
SGPP2	0.249589484281123	1.12534344828889	0.920410004162269	1.37590624925831
NA.106	NA	NA	NA	NA
CD109	0.00462024379753166	1.35828473681082	1.09891296061632	1.67887493584434
PYCARD	0.000265711872185938	1.54871742782017	1.22424139868339	1.9591934023906
NDUFA9	0.469168852137914	0.924750771715972	0.748217266584283	1.14293538518996
RNF144B	0.00664454356402178	1.36284922283512	1.08983156441118	1.70426152520714
IBTK	0.118478792917421	0.831526539740018	0.659608529609272	1.04825264570425
GPR65	0.248943025466532	1.1373582672198	0.913843733547309	1.41554160796383
VCL	0.0011154953984896	1.54007892641788	1.18789228905957	1.99668195630277
NA.107	NA	NA	NA	NA
DAZAP1	0.637672606754595	0.944791875044257	0.745921592838702	1.19668299687185
CCR6	0.307106003386022	1.12206193428701	0.899562651751317	1.39959454955669
LGALS3BP	0.051412784874822	1.26324178387565	0.998568028947617	1.59806819191989
SNCA	0.737218225261678	0.960000008652701	0.756333598953231	1.21850995101723
ZNF217	0.866863166995798	0.979646315686733	0.770297931459942	1.24589053746991
ZNF367	0.64322833988599	1.0585954811292	0.831928779105458	1.34701962573301
ZC3H7A	0.779342925451776	1.03456424249059	0.815683714167101	1.31217916117528
XAF1	0.958111631129859	0.993779001762366	0.7873296305123	1.25436242466982
ALYREF	0.435840014854135	1.09256165839096	0.874470923649335	1.3650436453673
ZFP36L1	0.44348079441889	0.908604093904791	0.711072185143073	1.1610092712239
PRLR	0.461692279655503	1.08211018271543	0.877030177033377	1.33514499067442
PHGDH	0.0133655320212821	1.35349272610289	1.06489835374868	1.72029804832038
RGS18	0.142134173640911	0.842920952014992	0.670958330026885	1.05895656935564
SNRPA1	0.561983938576102	1.06631587262894	0.858293610715789	1.32475591805021
DIAPH3	0.498811348722278	1.08681803116871	0.853849477494112	1.38335088795738
KLF9	0.0445806677937029	1.26385083731148	1.00568492646493	1.58828962922578
PCNT	0.798938482191824	0.972350035376284	0.78365212347821	1.20648507541823
NCOA4	0.0469466699069527	0.791535326270732	0.628508310391821	0.99684946463783
FANCA	0.486836305489301	1.08794676622443	0.857872216723902	1.37972549182011
CENPP	0.990210349772196	1.001447663784	0.794824410590285	1.26178487969892
EIF4A3	0.186060481465196	1.16901993127945	0.927460537272991	1.47349406773342
RELL1	0.056763785659019	0.817791148396888	0.664921289626076	1.00580681176925
OSBPL1A	0.682988348054378	1.04668285305762	0.840847465867325	1.30290574611507
NA.108	NA	NA	NA	NA
FAM104B	0.76432112121282	1.03310897859025	0.834964927977455	1.27827424348129
TBC1D2	0.0464909069356673	1.24523229505067	1.00341476112865	1.5453265476113
CFDP1	0.445414182546771	0.916231908030305	0.731841417477097	1.1470803499846
BAZ2A	0.6395262279289	1.05980114310311	0.831126707400838	1.35139257699363
CLEC2B	0.00355797870091792	1.41648694500942	1.12082587667352	1.79014002722438
ADI1	0.0955699217774634	1.20508343497898	0.967711353550565	1.50068104495465
HEXIM1	0.000173085681444143	1.59378458464244	1.24962480463103	2.03272957837444
ZBED3	0.269982382677385	0.895658883200769	0.736395223077886	1.08936724453956
P2RX1	0.780874195222214	1.03104537703426	0.831240984346206	1.27887651057032
PPIB	0.312958070777905	0.907910137499397	0.752566168629141	1.09532005574434
PARP8	0.6845893308321	1.04785609061974	0.836268708019812	1.31297796523898
FAF1	0.530353972726597	1.07383163367894	0.859613665696967	1.34143327811645
S100B	0.146777847767481	0.850327166502172	0.683083259285042	1.05851853381447
CDKN2A	0.727795133570472	0.960417370579423	0.765050981992791	1.20567327854157
HSPA1B	0.0272638679921446	1.28206756132242	1.02827670286895	1.59849700689438
CALCOCO2	0.548390373638715	0.934371998878998	0.748596071282801	1.16625115436829
CENPQ	0.525118149726291	0.927650525340225	0.735850906352147	1.16944273593404
TSEN15	0.743872460347227	1.04253400129026	0.812029372963781	1.33847023276923
VEGFA	0.109751337028467	0.836251220482691	0.671676435384724	1.04115027253894
CTSA	0.512974899484051	1.07537044881187	0.864993357219156	1.33691385318331
HOXB5	0.00190321565482214	1.41721370701226	1.13721617482105	1.76615030265419
NA.109	NA	NA	NA	NA
KCNE3	0.863329443846608	1.01828977521008	0.828414163497906	1.25168558432066
ICMT	0.0882516823932759	1.26553233963759	0.965350428544833	1.65905774246436
SPC24	0.528704370940105	1.07995918165999	0.850105513814647	1.371961262571
NIN	0.543233638983692	0.934605579353377	0.751509381498393	1.16231095773796
ANKRD33B	0.141720987005061	0.848971385841349	0.682413507702461	1.05618134143329
TMBIM4	0.196484051963042	0.869902609563485	0.704079241552815	1.07478037338017
NA.110	NA	NA	NA	NA
SAMD9L	0.193237308726754	1.16560868848943	0.925327345992287	1.46828430021713
ARL6IP6	0.818042837700902	1.02653374629857	0.821262196731549	1.28311218571069
MPHOSPH6	0.343597266102278	1.13061071217169	0.876966154637893	1.45761677998303
TMEM91	0.186551902697732	1.17147591549973	0.92627973734202	1.48157815103883
HJURP	0.490935510560972	0.921664150977765	0.730749140306834	1.16245748416602
RFX8	0.0187708141743936	0.780913642268105	0.635379148826974	0.959783017441299
NA.111	NA	NA	NA	NA
MKRN1	0.508209649735085	0.929018554971648	0.74696784315137	1.15543859537567
ZYX	0.103339297152374	1.20049691902032	0.963538199423501	1.49572985631454
DNASE2	0.543880091289798	0.935572063431384	0.754537386582105	1.16004203560828
AK4	0.0273753000785041	0.773950140729197	0.616372734974121	0.971812648980804
NUDT15	0.445514175710503	1.09372057001551	0.868868530853932	1.37676143489671
IRF8	0.0140584957919793	1.34914604473636	1.0623263788292	1.71340473728405
SLPI	0.653712833613295	0.954299842833718	0.77790867788717	1.1706877888365
NA.112	NA	NA	NA	NA
NA.113	NA	NA	NA	NA
PRR11	0.334602519535356	1.11082463909351	0.897276097320318	1.37519697950533
BHLHE40	0.276153961708519	1.12838842021607	0.907913466379711	1.40240284347232
PPT1	0.124569867511457	1.19294303382722	0.952452648388231	1.49415625476514
ATXN10	0.949230789966366	1.00714107289897	0.809030694175914	1.25376348267392
ADRB2	0.137152101130244	0.855140816523604	0.695708723561063	1.05110916583249
NA.114	NA	NA	NA	NA
PAXIP1	0.20262048859906	0.866113990819245	0.694300648774248	1.08044468403882
TTK	0.673879909295671	0.949441437275306	0.745639276097596	1.20894790780497
NA.115	NA	NA	NA	NA
SPAG5	0.864284392802911	1.02010493207228	0.811922976496705	1.28166599857568
NA.116	NA	NA	NA	NA
HLA-DQB2	0.0149863053293499	1.31741510832824	1.05503184843913	1.64505229886589
EIF1AY	0.791115217451011	0.971121757284826	0.781807650842406	1.20627812538774
BAG5	0.2219098974846	1.16600897054611	0.911322293106642	1.49187277616054
FADS1	0.0056244316348447	1.43819053270499	1.11200450075964	1.86005722724079
ALG5	0.230786066582304	0.877590327372189	0.70882920391082	1.08653082921528
PLEKHO1	0.0512941498150009	1.26347551008013	0.998686550664553	1.59846987376567
EPS8	0.00536621645507886	1.38468049162045	1.10114552878924	1.74122312968247
TBXAS1	0.968510274108706	0.995272534486034	0.786622365112053	1.25926678649818
CCDC88A	0.41753143975428	0.91129998541067	0.728013217295047	1.14073157420838
GNA13	0.961816014833108	0.994670742913796	0.799232566839441	1.23789986526843
DNAJB1	0.113347513977664	1.2027040585759	0.957044035052949	1.51142162694208
AFF3	0.510877790457256	1.07602146520669	0.864889693697369	1.33869347966895
TNNI2	0.000131711161085766	1.54448515071439	1.23596069994999	1.93002445860436
HLA-DRB5	0.000641669109208042	1.52460945795377	1.19670824447721	1.94235646826144
DEPDC1B	0.849364459433678	1.02197793753766	0.816601863802516	1.27900627112249
B3GALNT2	0.770516875150287	1.03453751883789	0.823501198131271	1.29965552000647
RNF19A	0.80437144787829	0.971548433847787	0.773165577697629	1.22083339783814
METTL7A	0.0469033473753165	1.26814274627154	1.00325782737187	1.60296384542938
SFXN3	0.000303042182893965	1.6399966352078	1.25396602544329	2.14486589661956
GSTK1	0.247213980543744	1.15196275900706	0.906513463286293	1.46387036914867
TMX4	0.00712928681696395	0.735487480289341	0.588013682046131	0.919947698801889
NA.117	NA	NA	NA	NA
RGS14	0.000722569763806126	1.5208627797273	1.19269237644818	1.93932957100639
SEPHS1	0.984317547205427	1.00226659861105	0.79972555967517	1.2561038252915
PDE4B	0.470577158994584	0.913869635151439	0.715536411678926	1.1671770945831
APOO	0.175445064895297	1.16178275602271	0.935228664983039	1.44321835154209
LMBRD1	0.41682724483127	1.09975038175975	0.874204159548707	1.38348792895824
GSAP	0.0306173736452868	1.28264643573544	1.02353553023608	1.60735199756609
PBX3	0.00118994632160327	1.46865858516204	1.1640878083407	1.85291695722224
PHF19	0.329497813729143	1.12274780569582	0.889645481978838	1.41692692283549
CHD7	0.0822391155380933	0.816791502733897	0.650112899087213	1.0262038484008
NA.118	NA	NA	NA	NA
ULK1	0.873385655502736	0.982717114222186	0.793061380452944	1.21772784602576
C5orf51	0.620477892084015	0.94147353776203	0.741544159836891	1.19530632201475
PRKAR2B	0.0241302521486603	1.29324160167293	1.03422223904524	1.61713196366918
SYTL3	0.220960636675781	1.14501662593628	0.921798636882129	1.42228792841896
HYOU1	0.418097781334027	0.925270012614782	0.766691090215533	1.11664868311367
CBWD1	0.181310949089131	0.86318357550482	0.695689079429227	1.07100414114964
CD99	0.142973605739779	0.848702286322681	0.681439830138209	1.0570200609836
MDC1	0.792435138839921	1.03164790608928	0.817989303019699	1.30111408328864
NA.119	NA	NA	NA	NA
CASK	0.0898475481026433	0.82821127103048	0.666120991980512	1.02974372181622
TUBB4B	0.142658038719324	1.180466391368	0.945626011701921	1.47362792891176
NUP214	0.557070090198285	1.07236754245136	0.84930172582458	1.35402073389956
HCFC1	0.391067839956735	1.09978346931365	0.884937454492379	1.3667900180238
MAP4K4	0.0042076250990601	0.727071747201183	0.584504042819254	0.904413463127493
AKR1B1	0.000889084758587739	1.60313888979716	1.21364661922301	2.11762984321208
APIP	0.624933177005392	1.05422145474361	0.853088844870198	1.30277506536947
DDX3Y	0.632470600677428	0.948355190380518	0.76312231862635	1.17854968354298
POMC	0.653618777066982	1.05037106176611	0.847469441807721	1.30185150398141
STAB1	0.545294332995315	1.06331543845038	0.871490114985364	1.29736379358234
NA.120	NA	NA	NA	NA
PIN4	0.612253776745917	1.06729663471889	0.829678492576446	1.3729681035179
BEX2	0.018214675336046	1.27773622648487	1.0425295373863	1.56600825772753
RTKN2	0.688493711779395	0.95334881384172	0.754772228918494	1.2041698489036
ZNF185	0.249570809286854	1.14067569878819	0.911711740206513	1.42714083018302
MTMR6	0.517767910778615	0.92873823537193	0.742336209997427	1.16194616162501
TROAP	0.76418428496746	0.963491283448819	0.755646490105243	1.22850494965253
HOMER3	0.068835242017653	0.822164993751706	0.665813877302764	1.01523158347054
RBM5	0.675386575903404	0.951205283445751	0.752645965270761	1.20214753417248
CD70	0.461489725312917	1.08283911520604	0.876132647012046	1.33831395670394
WDFY3	0.0233818188259263	0.784148970555914	0.635484631087287	0.967591626837378
IFI44L	0.0270038349561917	1.25638874101293	1.02629656003408	1.53806680253477
KIFC1	0.865154219113473	0.979815752592425	0.774348545985707	1.23980204263983
HSPA1A	0.158457424667723	1.18245911897112	0.936763788256249	1.49259566346033
NA.121	NA	NA	NA	NA
PTPRN2	0.0210226564565235	1.2693738153753	1.03658452985917	1.55444137621788
NFYA	0.0136030992059718	0.779190970064676	0.639113645984737	0.949969651946424
DUSP10	0.242594202896572	0.873761216525198	0.696772779760746	1.09570678660229
CUL1	0.0345336067576968	0.797511712003601	0.646583753237005	0.983669830240508
GPSM2	0.120118255531317	0.845790252520911	0.684762496913769	1.04468506158489
IL1RAP	0.0407667603174838	1.30083743330312	1.01110795403391	1.67358789052303
EFCAB2	0.556382456536155	0.92949176639963	0.728516658482339	1.18590966142698
PTPN1	0.000321590344960516	1.49991299084587	1.2026425100382	1.87066311171452
PKIB	0.0210241234614588	1.26844863397892	1.03646829375135	1.55235036782415
WDFY1	0.462536998090981	1.09304315832022	0.862106465395	1.38584199737237
CCL23	0.00147900638813145	1.40381952199052	1.13889117137153	1.73037538604187
NA.122	NA	NA	NA	NA
ST8SIA6	0.169484432895201	1.17018393482841	0.935151964624333	1.46428654713952
FOXM1	0.522540387123849	1.08378677454419	0.846906804653333	1.38692211022877
NA.123	NA	NA	NA	NA
ZMPSTE24	0.871542876270094	0.980314832841631	0.770383818355276	1.24745243681394
FOXN2	0.911335498750221	0.986920759718236	0.782787328002901	1.24428762592234
CD2	0.307898293521459	1.13393823967471	0.890547759819407	1.44384836997102
NUP210	0.000197465902041926	1.52469505576641	1.22103183441218	1.90387748096483
PLK1	0.840046735854821	0.976272556076826	0.773211090074279	1.23266222637497
CORO1C	0.00853450721243826	1.38669884784864	1.08687269600433	1.76923544191885
GABPB1	0.954082606982821	1.00651414835613	0.806928643677619	1.25546507585101
KIF4B	0.547422694807181	1.06835953668849	0.86131599620544	1.32517229990118
ANLN	0.0919918543829794	0.810982213351801	0.635585164433744	1.03478209872777
MELK	0.317447841508591	1.13517488499307	0.885342045502218	1.4555075363986
CITED2	0.0060649961467362	0.752199637634815	0.61377499900349	0.921843176695977
KIF26B	0.840781345041362	0.977180958637128	0.780133671912857	1.22399873291156
OAT	0.143716718814211	1.17572423529313	0.946366573498709	1.46066811335607
NA.124	NA	NA	NA	NA
